res_idx,res_name,res_class,occupancy
0,MET,hydrophobic,0.0
1,ALA,hydrophobic,0.0
2,SER,polar,0.0
3,GLU,neg_charged,0.0
4,LEU,hydrophobic,0.0
5,THR,polar,0.0
6,PRO,hydrophobic,0.0
7,GLU,neg_charged,0.0
8,GLU,neg_charged,0.0
9,ARG,pos_charged,0.0
10,SER,polar,0.0
11,GLU,neg_charged,0.0
12,LEU,hydrophobic,0.0
13,LYS,pos_charged,0.0
14,ASN,polar,0.0
15,SER,polar,0.0
16,ILE,hydrophobic,0.0
17,ALA,hydrophobic,0.0
18,GLU,neg_charged,0.0
19,PHE,hydrophobic,0.0
20,HIS,pos_charged,0.0
21,THR,polar,0.0
22,TYR,polar,0.0
23,GLN,polar,0.0
24,LEU,hydrophobic,0.0
25,ASP,neg_charged,0.0
26,PRO,hydrophobic,0.0
27,GLY,hydrophobic,0.0
28,SER,polar,0.0
29,CYS,polar,0.0
30,SER,polar,0.0
31,SER,polar,0.0
32,LEU,hydrophobic,0.0
33,HIS,pos_charged,0.0
34,ALA,hydrophobic,0.0
35,GLN,polar,0.0
36,ARG,pos_charged,0.0
37,ILE,hydrophobic,0.0
38,HIS,pos_charged,0.0
39,ALA,hydrophobic,0.0
40,PRO,hydrophobic,0.0
41,PRO,hydrophobic,0.0
42,GLU,neg_charged,0.0
43,LEU,hydrophobic,0.0
44,VAL,hydrophobic,0.0
45,TRP,hydrophobic,0.0
46,SER,polar,0.0
47,ILE,hydrophobic,0.0
48,VAL,hydrophobic,0.0
49,ARG,pos_charged,0.0
50,ARG,pos_charged,0.0
51,PHE,hydrophobic,0.0
52,ASP,neg_charged,0.0
53,LYS,pos_charged,0.0
54,PRO,hydrophobic,0.0
55,GLN,polar,0.0
56,THR,polar,0.0
57,TYR,polar,0.0
58,VAL,hydrophobic,0.5466699274476237
59,HIS,pos_charged,0.0
60,PHE,hydrophobic,0.8751936088693242
61,ILE,hydrophobic,0.6999266324284666
62,LYS,pos_charged,0.0
63,SER,polar,0.0
64,CYS,polar,0.0
65,SER,polar,0.0
66,VAL,hydrophobic,0.0
67,GLU,neg_charged,0.0
68,GLN,polar,0.0
69,ASN,polar,0.0
70,PHE,hydrophobic,0.0
71,GLU,neg_charged,0.0
72,MET,hydrophobic,0.0
73,ARG,pos_charged,0.0
74,VAL,hydrophobic,0.0
75,GLY,hydrophobic,0.0
76,CYS,polar,0.0
77,THR,polar,0.0
78,ARG,pos_charged,0.0
79,ASP,neg_charged,0.0
80,LEU,hydrophobic,0.2504279775006114
81,ILE,hydrophobic,0.0
82,VAL,hydrophobic,0.7504687372625743
83,ILE,hydrophobic,0.0
84,SER,polar,0.0
85,GLY,hydrophobic,0.0
86,LEU,hydrophobic,0.7940816825629738
87,PRO,hydrophobic,0.8691611640988016
88,ALA,hydrophobic,0.7556044672699112
89,ASN,polar,0.0
90,THR,polar,0.0177712562158637
91,ALA,hydrophobic,0.9064155865329746
92,THR,polar,0.0
93,VAL,hydrophobic,0.02641232575201761
94,ARG,pos_charged,0.0
95,LEU,hydrophobic,0.0
96,ASP,neg_charged,0.0
97,ILE,hydrophobic,0.0
98,LEU,hydrophobic,0.0
99,ASP,neg_charged,0.0
100,ASP,neg_charged,0.0
101,GLU,neg_charged,0.0
102,ARG,pos_charged,0.0
103,ARG,pos_charged,0.0
104,VAL,hydrophobic,0.0
105,THR,polar,0.0
106,GLY,hydrophobic,0.0
107,ALA,hydrophobic,0.0
108,SER,polar,0.0
109,VAL,hydrophobic,0.8330480149995924
110,ILE,hydrophobic,8.151952392598027e-05
111,GLY,hydrophobic,0.0005706366674818619
112,GLY,hydrophobic,8.151952392598027e-05
113,GLU,neg_charged,8.151952392598027e-05
114,HIS,pos_charged,0.8708730741012473
115,ARG,pos_charged,0.03203717290291025
116,VAL,hydrophobic,0.9299747289475829
117,THR,polar,0.2752099127741094
118,ASN,polar,0.05029754626232983
119,PHE,hydrophobic,0.9744028694872422
120,LYS,pos_charged,0.0
121,TRP,hydrophobic,0.8892149669845928
122,VAL,hydrophobic,0.0
123,THR,polar,0.0
124,THR,polar,0.0
125,VAL,hydrophobic,0.0
126,HIS,pos_charged,0.0
127,ARG,pos_charged,0.0
128,PHE,hydrophobic,0.0
129,GLU,neg_charged,0.0
130,LYS,pos_charged,0.0
131,GLU,neg_charged,0.0
132,ASN,polar,0.0
133,ARG,pos_charged,0.0
134,ILE,hydrophobic,0.0
135,TRP,hydrophobic,0.0
136,THR,polar,0.0
137,VAL,hydrophobic,0.0
138,VAL,hydrophobic,0.0
139,LEU,hydrophobic,0.0
140,GLN,polar,0.0
141,SER,polar,0.0
142,TYR,polar,0.0
143,VAL,hydrophobic,0.0
144,VAL,hydrophobic,0.15505013450721447
145,ASP,neg_charged,0.0
146,MET,hydrophobic,0.0
147,PRO,hydrophobic,0.0
148,GLU,neg_charged,0.0
149,GLY,hydrophobic,0.0
150,ASN,polar,0.0
151,SER,polar,0.0
152,GLU,neg_charged,0.0
153,ASP,neg_charged,0.0
154,ASP,neg_charged,0.0
155,THR,polar,0.0004891171435558817
156,ARG,pos_charged,0.0
157,MET,hydrophobic,0.0
158,TYR,polar,0.24847150892638786
159,MET,hydrophobic,0.7852775739789679
160,ASP,neg_charged,0.0
161,THR,polar,0.0
162,LEU,hydrophobic,0.9404907475340344
163,PHE,hydrophobic,0.5059101654846335
164,LYS,pos_charged,0.0
165,LEU,hydrophobic,0.0
166,ALA,hydrophobic,0.00024455857177794083
167,LEU,hydrophobic,0.0
168,GLN,polar,0.0
169,LYS,pos_charged,0.0
170,LEU,hydrophobic,0.0
171,ALA,hydrophobic,0.0
172,THR,polar,0.0
173,VAL,hydrophobic,0.0
174,ALA,hydrophobic,0.0
175,GLU,neg_charged,0.0
176,ALA,hydrophobic,0.0
177,MET,hydrophobic,0.0
178,ALA,hydrophobic,0.0
179,ARG,pos_charged,0.0
180,ASN,polar,0.0
