frame,n_hydrophobic,n_polar,n_pos_charged,n_neg_charged,n_other,n_total,frac_hydrophobic
0,11,2,0,0,0,13,0.8461538461538461
1,12,2,0,0,0,14,0.8571428571428571
2,13,2,1,0,0,16,0.8125
3,13,2,0,0,0,15,0.8666666666666667
4,13,2,0,0,0,15,0.8666666666666667
5,12,2,1,0,0,15,0.8
6,11,2,1,0,0,14,0.7857142857142857
7,12,2,0,0,0,14,0.8571428571428571
8,13,3,1,0,0,17,0.7647058823529411
9,13,2,0,0,0,15,0.8666666666666667
10,13,2,1,0,0,16,0.8125
11,13,2,1,0,0,16,0.8125
12,13,2,0,0,0,15,0.8666666666666667
13,13,2,0,0,0,15,0.8666666666666667
14,14,2,1,0,0,17,0.8235294117647058
15,13,2,0,0,0,15,0.8666666666666667
16,13,2,1,0,0,16,0.8125
17,12,2,1,0,0,15,0.8
18,11,2,0,0,0,13,0.8461538461538461
19,12,3,1,0,0,16,0.75
20,12,2,1,0,0,15,0.8
21,12,2,1,0,0,15,0.8
22,11,2,0,0,0,13,0.8461538461538461
23,13,3,0,0,0,16,0.8125
24,12,2,0,0,0,14,0.8571428571428571
25,12,2,1,0,0,15,0.8
26,11,2,1,0,0,14,0.7857142857142857
27,12,2,0,0,0,14,0.8571428571428571
28,12,2,0,0,0,14,0.8571428571428571
29,12,2,0,0,0,14,0.8571428571428571
30,12,2,0,0,0,14,0.8571428571428571
31,12,2,1,0,0,15,0.8
32,11,2,1,0,0,14,0.7857142857142857
33,12,2,1,0,0,15,0.8
34,12,2,1,0,0,15,0.8
35,11,2,1,0,0,14,0.7857142857142857
36,11,2,1,0,0,14,0.7857142857142857
37,13,2,1,0,0,16,0.8125
38,12,2,1,0,0,15,0.8
39,12,2,1,0,0,15,0.8
40,12,2,1,0,0,15,0.8
41,13,2,1,0,0,16,0.8125
42,11,2,0,0,0,13,0.8461538461538461
43,13,2,1,0,0,16,0.8125
44,13,2,1,0,0,16,0.8125
45,12,3,1,0,0,16,0.75
46,12,2,1,0,0,15,0.8
47,12,2,2,0,0,16,0.75
48,12,2,1,0,0,15,0.8
49,13,2,1,0,0,16,0.8125
50,12,2,0,0,0,14,0.8571428571428571
51,13,2,1,0,0,16,0.8125
52,13,2,1,0,0,16,0.8125
53,14,2,1,0,0,17,0.8235294117647058
54,11,2,1,0,0,14,0.7857142857142857
55,13,2,1,0,0,16,0.8125
56,11,2,1,0,0,14,0.7857142857142857
57,11,2,1,0,0,14,0.7857142857142857
58,13,2,1,0,0,16,0.8125
59,13,2,1,0,0,16,0.8125
60,12,2,1,0,0,15,0.8
61,13,3,1,0,0,17,0.7647058823529411
62,13,2,1,0,0,16,0.8125
63,11,2,0,0,0,13,0.8461538461538461
64,12,2,1,0,0,15,0.8
65,11,2,1,0,0,14,0.7857142857142857
66,11,2,1,0,0,14,0.7857142857142857
67,13,2,0,0,0,15,0.8666666666666667
68,11,2,0,0,0,13,0.8461538461538461
69,11,2,0,0,0,13,0.8461538461538461
70,12,2,0,0,0,14,0.8571428571428571
71,13,2,1,0,0,16,0.8125
72,12,2,1,0,0,15,0.8
73,13,2,0,0,0,15,0.8666666666666667
74,13,2,1,0,0,16,0.8125
75,12,2,1,0,0,15,0.8
76,12,2,0,0,0,14,0.8571428571428571
77,12,2,1,0,0,15,0.8
78,12,2,0,0,0,14,0.8571428571428571
79,13,2,2,0,0,17,0.7647058823529411
80,13,2,2,0,0,17,0.7647058823529411
81,12,2,0,0,0,14,0.8571428571428571
82,12,2,0,0,0,14,0.8571428571428571
83,13,3,1,0,0,17,0.7647058823529411
84,13,2,0,0,0,15,0.8666666666666667
85,13,2,0,0,0,15,0.8666666666666667
86,13,2,1,0,0,16,0.8125
87,13,2,1,0,0,16,0.8125
88,13,2,1,0,0,16,0.8125
89,13,2,0,0,0,15,0.8666666666666667
90,14,2,1,0,0,17,0.8235294117647058
91,12,2,2,0,0,16,0.75
92,13,2,0,0,0,15,0.8666666666666667
93,12,2,1,0,0,15,0.8
94,13,3,1,0,0,17,0.7647058823529411
95,12,2,1,0,0,15,0.8
96,13,3,1,0,0,17,0.7647058823529411
97,13,2,1,0,0,16,0.8125
98,13,2,1,0,0,16,0.8125
99,13,2,1,0,0,16,0.8125
100,11,2,0,0,0,13,0.8461538461538461
101,13,2,0,0,0,15,0.8666666666666667
102,12,2,1,0,0,15,0.8
103,13,2,1,0,0,16,0.8125
104,12,2,1,0,0,15,0.8
105,12,2,1,0,0,15,0.8
106,12,2,0,0,0,14,0.8571428571428571
107,12,3,1,0,0,16,0.75
108,13,3,1,0,0,17,0.7647058823529411
109,12,2,1,0,0,15,0.8
110,12,2,1,0,0,15,0.8
111,11,2,1,0,0,14,0.7857142857142857
112,12,2,1,0,0,15,0.8
113,12,2,1,0,0,15,0.8
114,11,2,0,0,0,13,0.8461538461538461
115,12,2,1,0,0,15,0.8
116,11,2,1,0,0,14,0.7857142857142857
117,11,2,0,0,0,13,0.8461538461538461
118,12,2,1,0,0,15,0.8
119,11,2,0,0,0,13,0.8461538461538461
120,12,2,1,0,0,15,0.8
121,13,2,0,0,0,15,0.8666666666666667
122,12,2,0,0,0,14,0.8571428571428571
123,12,2,1,0,0,15,0.8
124,13,2,1,0,0,16,0.8125
125,13,2,1,0,0,16,0.8125
126,13,2,1,0,0,16,0.8125
127,12,2,1,0,0,15,0.8
128,12,2,1,0,0,15,0.8
129,12,2,1,0,0,15,0.8
130,12,2,2,0,0,16,0.75
131,13,2,0,0,0,15,0.8666666666666667
132,14,2,2,0,0,18,0.7777777777777778
133,12,2,0,0,0,14,0.8571428571428571
134,12,2,1,0,0,15,0.8
135,13,3,2,0,0,18,0.7222222222222222
136,13,2,1,0,0,16,0.8125
137,12,2,1,0,0,15,0.8
138,12,3,1,0,0,16,0.75
139,13,2,1,0,0,16,0.8125
140,11,2,1,0,0,14,0.7857142857142857
141,11,2,1,0,0,14,0.7857142857142857
142,13,2,0,0,0,15,0.8666666666666667
143,12,3,1,0,0,16,0.75
144,13,3,1,0,0,17,0.7647058823529411
145,12,2,0,0,0,14,0.8571428571428571
146,13,2,2,0,0,17,0.7647058823529411
147,13,2,1,0,0,16,0.8125
148,12,2,1,0,0,15,0.8
149,13,2,0,0,0,15,0.8666666666666667
150,12,2,0,0,0,14,0.8571428571428571
151,13,2,0,0,0,15,0.8666666666666667
152,12,2,1,0,0,15,0.8
153,13,2,0,0,0,15,0.8666666666666667
154,11,2,1,0,0,14,0.7857142857142857
155,13,2,1,0,0,16,0.8125
156,13,2,1,0,0,16,0.8125
157,13,2,1,0,0,16,0.8125
158,12,3,1,0,0,16,0.75
159,14,2,1,0,0,17,0.8235294117647058
160,12,3,1,0,0,16,0.75
161,12,2,0,0,0,14,0.8571428571428571
162,13,2,0,0,0,15,0.8666666666666667
163,13,2,1,0,0,16,0.8125
164,12,2,1,0,0,15,0.8
165,12,2,0,0,0,14,0.8571428571428571
166,13,2,1,0,0,16,0.8125
167,11,3,1,0,0,15,0.7333333333333333
168,12,2,0,0,0,14,0.8571428571428571
169,12,2,0,0,0,14,0.8571428571428571
170,14,3,1,0,0,18,0.7777777777777778
171,14,3,1,0,0,18,0.7777777777777778
172,14,3,1,0,0,18,0.7777777777777778
173,11,2,1,0,0,14,0.7857142857142857
174,12,2,1,0,0,15,0.8
175,13,3,0,0,0,16,0.8125
176,12,2,1,0,0,15,0.8
177,11,2,1,0,0,14,0.7857142857142857
178,13,2,0,0,0,15,0.8666666666666667
179,12,2,0,0,0,14,0.8571428571428571
180,13,2,1,0,0,16,0.8125
181,11,2,0,0,0,13,0.8461538461538461
182,12,2,1,0,0,15,0.8
183,11,2,1,0,0,14,0.7857142857142857
184,13,2,0,0,0,15,0.8666666666666667
185,12,2,0,0,0,14,0.8571428571428571
186,13,2,1,0,0,16,0.8125
187,13,2,0,0,0,15,0.8666666666666667
188,13,2,0,0,0,15,0.8666666666666667
189,12,2,0,0,0,14,0.8571428571428571
190,12,2,0,0,0,14,0.8571428571428571
191,13,2,0,0,0,15,0.8666666666666667
192,13,2,0,0,0,15,0.8666666666666667
193,13,2,1,0,0,16,0.8125
194,13,2,0,0,0,15,0.8666666666666667
195,11,2,0,0,0,13,0.8461538461538461
196,12,2,0,0,0,14,0.8571428571428571
197,13,2,1,0,0,16,0.8125
198,13,2,1,0,0,16,0.8125
199,11,2,1,0,0,14,0.7857142857142857
200,12,2,1,0,0,15,0.8
201,13,2,1,0,0,16,0.8125
202,11,2,1,0,0,14,0.7857142857142857
203,10,2,1,0,0,13,0.7692307692307693
204,13,2,1,0,0,16,0.8125
205,12,2,1,0,0,15,0.8
206,13,2,1,0,0,16,0.8125
207,13,3,1,0,0,17,0.7647058823529411
208,11,2,1,0,0,14,0.7857142857142857
209,12,2,1,0,0,15,0.8
210,12,3,1,0,0,16,0.75
211,13,2,0,0,0,15,0.8666666666666667
212,12,2,1,0,0,15,0.8
213,12,2,0,0,0,14,0.8571428571428571
214,14,3,1,0,0,18,0.7777777777777778
215,13,3,0,0,0,16,0.8125
216,13,2,0,0,0,15,0.8666666666666667
217,13,2,1,0,0,16,0.8125
218,13,2,1,0,0,16,0.8125
219,13,2,1,0,0,16,0.8125
220,12,2,1,0,0,15,0.8
221,14,2,1,0,0,17,0.8235294117647058
222,14,3,1,0,0,18,0.7777777777777778
223,12,2,1,0,0,15,0.8
224,13,2,1,0,0,16,0.8125
225,11,2,1,0,0,14,0.7857142857142857
226,13,2,1,0,0,16,0.8125
227,15,3,1,0,0,19,0.7894736842105263
228,12,3,1,0,0,16,0.75
229,13,2,1,0,0,16,0.8125
230,13,2,0,0,0,15,0.8666666666666667
231,13,3,0,0,0,16,0.8125
232,13,2,0,0,0,15,0.8666666666666667
233,11,2,0,0,0,13,0.8461538461538461
234,13,2,0,0,0,15,0.8666666666666667
235,13,2,1,0,0,16,0.8125
236,12,2,1,0,0,15,0.8
237,13,2,1,0,0,16,0.8125
238,13,2,1,0,0,16,0.8125
239,12,2,1,0,0,15,0.8
240,14,2,1,0,0,17,0.8235294117647058
241,14,2,1,0,0,17,0.8235294117647058
242,12,2,0,0,0,14,0.8571428571428571
243,13,2,1,0,0,16,0.8125
244,13,2,1,0,0,16,0.8125
245,13,2,0,0,0,15,0.8666666666666667
246,13,2,1,0,0,16,0.8125
247,13,2,1,0,0,16,0.8125
248,13,2,1,0,0,16,0.8125
249,12,2,1,0,0,15,0.8
250,13,2,1,0,0,16,0.8125
251,13,2,1,0,0,16,0.8125
252,13,2,0,0,0,15,0.8666666666666667
253,12,3,1,0,0,16,0.75
254,13,2,1,0,0,16,0.8125
255,13,3,1,0,0,17,0.7647058823529411
256,13,3,0,0,0,16,0.8125
257,12,2,1,0,0,15,0.8
258,11,2,1,0,0,14,0.7857142857142857
259,12,2,1,0,0,15,0.8
260,13,2,1,0,0,16,0.8125
261,13,2,1,0,0,16,0.8125
262,13,3,1,0,0,17,0.7647058823529411
263,12,2,1,0,0,15,0.8
264,12,2,1,0,0,15,0.8
265,11,2,1,0,0,14,0.7857142857142857
266,12,2,1,0,0,15,0.8
267,12,3,0,0,0,15,0.8
268,14,2,1,0,0,17,0.8235294117647058
269,12,2,0,0,0,14,0.8571428571428571
270,12,2,0,0,0,14,0.8571428571428571
271,14,3,1,0,0,18,0.7777777777777778
272,13,3,1,0,0,17,0.7647058823529411
273,12,2,0,0,0,14,0.8571428571428571
274,13,2,0,0,0,15,0.8666666666666667
275,14,2,1,0,0,17,0.8235294117647058
276,11,2,1,0,0,14,0.7857142857142857
277,12,2,1,0,0,15,0.8
278,14,2,1,0,0,17,0.8235294117647058
279,12,3,2,0,0,17,0.7058823529411765
280,12,2,1,0,0,15,0.8
281,12,2,1,0,0,15,0.8
282,13,2,0,0,0,15,0.8666666666666667
283,12,2,0,0,0,14,0.8571428571428571
284,9,2,1,0,0,12,0.75
285,13,3,1,0,0,17,0.7647058823529411
286,12,2,0,0,0,14,0.8571428571428571
287,13,3,1,0,0,17,0.7647058823529411
288,12,3,1,0,0,16,0.75
289,12,2,2,0,0,16,0.75
290,13,2,1,0,0,16,0.8125
291,13,2,1,0,0,16,0.8125
292,13,2,0,0,0,15,0.8666666666666667
293,12,2,0,0,0,14,0.8571428571428571
294,13,2,0,0,0,15,0.8666666666666667
295,12,2,0,0,0,14,0.8571428571428571
296,13,2,1,0,0,16,0.8125
297,14,2,0,0,0,16,0.875
298,14,2,1,0,0,17,0.8235294117647058
299,12,2,1,0,0,15,0.8
300,14,2,1,0,0,17,0.8235294117647058
301,15,2,1,0,0,18,0.8333333333333334
302,13,2,0,0,0,15,0.8666666666666667
303,13,2,0,0,0,15,0.8666666666666667
304,13,2,1,0,0,16,0.8125
305,13,2,1,0,0,16,0.8125
306,13,2,1,0,0,16,0.8125
307,12,2,2,0,0,16,0.75
308,12,2,1,0,0,15,0.8
309,13,2,0,0,0,15,0.8666666666666667
310,13,2,1,0,0,16,0.8125
311,11,2,1,0,0,14,0.7857142857142857
312,12,2,1,0,0,15,0.8
313,13,2,1,0,0,16,0.8125
314,13,2,1,0,0,16,0.8125
315,10,2,0,0,0,12,0.8333333333333334
316,12,3,1,0,0,16,0.75
317,13,2,0,0,0,15,0.8666666666666667
318,14,3,1,0,0,18,0.7777777777777778
319,13,2,1,0,0,16,0.8125
320,12,3,0,0,0,15,0.8
321,12,3,1,0,0,16,0.75
322,13,2,0,0,0,15,0.8666666666666667
323,13,2,0,0,0,15,0.8666666666666667
324,13,3,1,0,0,17,0.7647058823529411
325,13,2,0,0,0,15,0.8666666666666667
326,14,3,1,0,0,18,0.7777777777777778
327,14,3,1,0,0,18,0.7777777777777778
328,13,3,1,0,0,17,0.7647058823529411
329,14,2,1,0,0,17,0.8235294117647058
330,13,2,1,0,0,16,0.8125
331,14,3,1,0,0,18,0.7777777777777778
332,12,3,1,0,0,16,0.75
333,13,2,1,0,0,16,0.8125
334,14,3,1,0,0,18,0.7777777777777778
335,13,2,2,0,0,17,0.7647058823529411
336,13,2,1,0,0,16,0.8125
337,12,2,0,0,0,14,0.8571428571428571
338,13,3,2,0,0,18,0.7222222222222222
339,12,2,1,0,0,15,0.8
340,12,2,1,0,0,15,0.8
341,11,2,1,0,0,14,0.7857142857142857
342,12,3,1,0,0,16,0.75
343,12,2,1,0,0,15,0.8
344,12,2,2,0,0,16,0.75
345,12,3,1,0,0,16,0.75
346,14,2,0,0,0,16,0.875
347,14,2,1,0,0,17,0.8235294117647058
348,12,2,1,0,0,15,0.8
349,12,3,1,0,0,16,0.75
350,13,3,1,0,0,17,0.7647058823529411
351,12,3,1,0,0,16,0.75
352,13,3,1,0,0,17,0.7647058823529411
353,13,3,1,0,0,17,0.7647058823529411
354,13,2,2,0,0,17,0.7647058823529411
355,13,3,1,0,0,17,0.7647058823529411
356,13,3,1,0,0,17,0.7647058823529411
357,13,2,1,0,0,16,0.8125
358,13,2,1,0,0,16,0.8125
359,14,2,1,0,0,17,0.8235294117647058
360,12,2,1,0,0,15,0.8
361,12,3,1,0,0,16,0.75
362,12,2,1,0,0,15,0.8
363,13,3,1,0,0,17,0.7647058823529411
364,12,3,1,0,0,16,0.75
365,13,3,1,0,0,17,0.7647058823529411
366,13,2,1,0,0,16,0.8125
367,13,2,1,0,0,16,0.8125
368,12,2,1,0,0,15,0.8
369,12,2,1,0,0,15,0.8
370,13,3,1,0,0,17,0.7647058823529411
371,14,2,1,0,0,17,0.8235294117647058
372,13,2,1,0,0,16,0.8125
373,12,2,1,0,0,15,0.8
374,13,3,1,0,0,17,0.7647058823529411
375,10,3,1,0,0,14,0.7142857142857143
376,13,3,1,0,0,17,0.7647058823529411
377,13,2,1,0,0,16,0.8125
378,11,2,0,0,0,13,0.8461538461538461
379,12,2,1,0,0,15,0.8
380,13,2,1,0,0,16,0.8125
381,13,2,1,0,0,16,0.8125
382,14,2,1,0,0,17,0.8235294117647058
383,13,2,1,0,0,16,0.8125
384,13,2,1,0,0,16,0.8125
385,12,2,1,0,0,15,0.8
386,13,2,1,0,0,16,0.8125
387,12,2,1,0,0,15,0.8
388,13,2,1,0,0,16,0.8125
389,13,2,0,0,0,15,0.8666666666666667
390,11,2,1,0,0,14,0.7857142857142857
391,13,2,1,0,0,16,0.8125
392,12,2,1,0,0,15,0.8
393,12,3,1,0,0,16,0.75
394,13,2,0,0,0,15,0.8666666666666667
395,12,2,1,0,0,15,0.8
396,13,2,1,0,0,16,0.8125
397,14,2,1,0,0,17,0.8235294117647058
398,14,3,1,0,0,18,0.7777777777777778
399,12,2,0,0,0,14,0.8571428571428571
400,13,2,1,0,0,16,0.8125
401,12,2,0,0,0,14,0.8571428571428571
402,14,2,1,0,0,17,0.8235294117647058
403,13,2,1,0,0,16,0.8125
404,14,2,1,0,0,17,0.8235294117647058
405,13,2,0,0,0,15,0.8666666666666667
406,12,2,1,0,0,15,0.8
407,13,2,1,0,0,16,0.8125
408,14,2,1,0,0,17,0.8235294117647058
409,13,2,1,0,0,16,0.8125
410,13,2,1,0,0,16,0.8125
411,12,2,0,0,0,14,0.8571428571428571
412,11,2,0,0,0,13,0.8461538461538461
413,13,2,0,0,0,15,0.8666666666666667
414,13,3,1,0,0,17,0.7647058823529411
415,14,2,1,0,0,17,0.8235294117647058
416,13,2,0,0,0,15,0.8666666666666667
417,12,2,1,0,0,15,0.8
418,12,3,1,0,0,16,0.75
419,12,2,1,0,0,15,0.8
420,13,2,1,0,0,16,0.8125
421,13,2,1,0,0,16,0.8125
422,12,2,0,0,0,14,0.8571428571428571
423,13,2,1,0,0,16,0.8125
424,14,3,1,0,0,18,0.7777777777777778
425,14,2,1,0,0,17,0.8235294117647058
426,12,2,1,0,0,15,0.8
427,12,2,1,0,0,15,0.8
428,12,2,1,0,0,15,0.8
429,13,3,1,0,0,17,0.7647058823529411
430,13,2,1,0,0,16,0.8125
431,13,2,1,0,0,16,0.8125
432,12,2,1,0,0,15,0.8
433,13,2,0,0,0,15,0.8666666666666667
434,12,2,1,0,0,15,0.8
435,13,2,1,0,0,16,0.8125
436,12,2,1,0,0,15,0.8
437,12,2,1,0,0,15,0.8
438,13,1,1,0,0,15,0.8666666666666667
439,13,2,1,0,0,16,0.8125
440,12,2,1,0,0,15,0.8
441,12,2,0,0,0,14,0.8571428571428571
442,12,2,1,0,0,15,0.8
443,13,2,1,0,0,16,0.8125
444,12,2,1,0,0,15,0.8
445,10,2,1,0,0,13,0.7692307692307693
446,12,3,1,0,0,16,0.75
447,12,2,0,0,0,14,0.8571428571428571
448,13,2,0,0,0,15,0.8666666666666667
449,12,2,0,0,0,14,0.8571428571428571
450,12,2,1,0,0,15,0.8
451,13,2,1,0,0,16,0.8125
452,14,2,1,0,0,17,0.8235294117647058
453,11,2,1,0,0,14,0.7857142857142857
454,12,2,1,0,0,15,0.8
455,12,2,1,0,0,15,0.8
456,12,2,1,0,0,15,0.8
457,12,2,1,0,0,15,0.8
458,13,3,2,0,0,18,0.7222222222222222
459,13,3,1,0,0,17,0.7647058823529411
460,10,2,1,0,0,13,0.7692307692307693
461,11,2,1,0,0,14,0.7857142857142857
462,12,2,1,0,0,15,0.8
463,11,2,1,0,0,14,0.7857142857142857
464,13,3,1,0,0,17,0.7647058823529411
465,10,2,1,0,0,13,0.7692307692307693
466,13,2,1,0,0,16,0.8125
467,10,2,2,0,0,14,0.7142857142857143
468,13,3,1,0,0,17,0.7647058823529411
469,14,3,1,0,0,18,0.7777777777777778
470,13,2,1,0,0,16,0.8125
471,12,2,1,0,0,15,0.8
472,13,3,1,0,0,17,0.7647058823529411
473,13,2,1,0,0,16,0.8125
474,11,2,1,0,0,14,0.7857142857142857
475,13,2,1,0,0,16,0.8125
476,13,2,0,0,0,15,0.8666666666666667
477,11,3,1,0,0,15,0.7333333333333333
478,11,3,1,0,0,15,0.7333333333333333
479,13,2,0,0,0,15,0.8666666666666667
480,14,3,0,0,0,17,0.8235294117647058
481,13,2,1,0,0,16,0.8125
482,13,2,1,0,0,16,0.8125
483,12,2,1,0,0,15,0.8
484,13,3,1,0,0,17,0.7647058823529411
485,13,2,1,0,0,16,0.8125
486,14,3,1,0,0,18,0.7777777777777778
487,13,2,0,0,0,15,0.8666666666666667
488,13,2,1,0,0,16,0.8125
489,12,2,0,0,0,14,0.8571428571428571
490,13,2,1,0,0,16,0.8125
491,11,2,0,0,0,13,0.8461538461538461
492,12,2,0,0,0,14,0.8571428571428571
493,14,3,0,0,0,17,0.8235294117647058
494,12,2,0,0,0,14,0.8571428571428571
495,13,3,1,0,0,17,0.7647058823529411
496,12,2,1,0,0,15,0.8
497,11,2,1,0,0,14,0.7857142857142857
498,13,2,1,0,0,16,0.8125
499,13,2,1,0,0,16,0.8125
500,13,2,1,0,0,16,0.8125
501,11,2,0,0,0,13,0.8461538461538461
502,13,2,1,0,0,16,0.8125
503,12,3,1,0,0,16,0.75
504,11,2,1,0,0,14,0.7857142857142857
505,11,3,1,0,0,15,0.7333333333333333
506,14,3,1,0,0,18,0.7777777777777778
507,13,2,1,0,0,16,0.8125
508,13,3,2,0,0,18,0.7222222222222222
509,13,3,1,0,0,17,0.7647058823529411
510,12,3,1,0,0,16,0.75
511,14,3,1,0,0,18,0.7777777777777778
512,12,2,1,0,0,15,0.8
513,13,2,1,0,0,16,0.8125
514,13,2,1,0,0,16,0.8125
515,14,2,0,0,0,16,0.875
516,13,2,1,0,0,16,0.8125
517,12,2,1,0,0,15,0.8
518,11,3,1,0,0,15,0.7333333333333333
519,12,2,0,0,0,14,0.8571428571428571
520,12,2,1,0,0,15,0.8
521,11,3,0,0,0,14,0.7857142857142857
522,14,2,1,0,0,17,0.8235294117647058
523,13,2,1,0,0,16,0.8125
524,12,3,1,0,0,16,0.75
525,14,3,1,0,0,18,0.7777777777777778
526,12,2,1,0,0,15,0.8
527,14,2,1,0,0,17,0.8235294117647058
528,12,2,1,0,0,15,0.8
529,12,3,0,0,0,15,0.8
530,12,2,0,0,0,14,0.8571428571428571
531,13,2,0,0,0,15,0.8666666666666667
532,13,2,0,0,0,15,0.8666666666666667
533,12,2,1,0,0,15,0.8
534,15,2,1,0,0,18,0.8333333333333334
535,13,2,1,0,0,16,0.8125
536,13,2,1,0,0,16,0.8125
537,13,2,1,0,0,16,0.8125
538,12,2,1,0,0,15,0.8
539,13,2,0,0,0,15,0.8666666666666667
540,14,2,0,0,0,16,0.875
541,13,2,0,0,0,15,0.8666666666666667
542,13,2,1,0,0,16,0.8125
543,13,2,1,0,0,16,0.8125
544,12,3,1,0,0,16,0.75
545,12,2,1,0,0,15,0.8
546,13,2,1,0,0,16,0.8125
547,13,2,0,0,0,15,0.8666666666666667
548,13,2,1,0,0,16,0.8125
549,11,2,0,0,0,13,0.8461538461538461
550,13,2,0,0,0,15,0.8666666666666667
551,13,2,0,0,0,15,0.8666666666666667
552,13,2,1,0,0,16,0.8125
553,11,2,1,0,0,14,0.7857142857142857
554,12,2,0,0,0,14,0.8571428571428571
555,12,2,1,0,0,15,0.8
556,13,2,0,0,0,15,0.8666666666666667
557,14,2,1,0,0,17,0.8235294117647058
558,13,2,1,0,0,16,0.8125
559,13,2,1,0,0,16,0.8125
560,13,2,1,0,0,16,0.8125
561,13,2,0,0,0,15,0.8666666666666667
562,12,3,1,0,0,16,0.75
563,13,2,0,0,0,15,0.8666666666666667
564,14,2,1,0,0,17,0.8235294117647058
565,14,2,1,0,0,17,0.8235294117647058
566,13,2,1,0,0,16,0.8125
567,11,2,1,0,0,14,0.7857142857142857
568,14,2,1,0,0,17,0.8235294117647058
569,13,2,1,0,0,16,0.8125
570,12,2,1,0,0,15,0.8
571,12,3,1,0,0,16,0.75
572,11,2,0,0,0,13,0.8461538461538461
573,12,2,1,0,0,15,0.8
574,13,2,1,0,0,16,0.8125
575,11,2,0,0,0,13,0.8461538461538461
576,13,2,1,0,0,16,0.8125
577,13,2,1,0,0,16,0.8125
578,13,2,0,0,0,15,0.8666666666666667
579,12,2,0,0,0,14,0.8571428571428571
580,12,2,0,0,0,14,0.8571428571428571
581,13,2,0,0,0,15,0.8666666666666667
582,13,2,1,0,0,16,0.8125
583,13,2,1,0,0,16,0.8125
584,13,2,0,0,0,15,0.8666666666666667
585,13,2,1,0,0,16,0.8125
586,13,2,1,0,0,16,0.8125
587,12,2,0,0,0,14,0.8571428571428571
588,12,2,1,0,0,15,0.8
589,13,2,1,0,0,16,0.8125
590,13,2,0,0,0,15,0.8666666666666667
591,14,2,1,0,0,17,0.8235294117647058
592,13,2,1,0,0,16,0.8125
593,12,2,0,0,0,14,0.8571428571428571
594,12,2,1,0,0,15,0.8
595,13,2,0,0,0,15,0.8666666666666667
596,12,2,0,0,0,14,0.8571428571428571
597,13,2,1,0,0,16,0.8125
598,12,2,0,0,0,14,0.8571428571428571
599,13,2,1,0,0,16,0.8125
600,13,2,0,0,0,15,0.8666666666666667
601,13,2,0,0,0,15,0.8666666666666667
602,12,2,0,0,0,14,0.8571428571428571
603,13,2,0,0,0,15,0.8666666666666667
604,12,3,1,0,0,16,0.75
605,13,2,0,0,0,15,0.8666666666666667
606,13,2,0,0,0,15,0.8666666666666667
607,11,2,0,0,0,13,0.8461538461538461
608,13,2,1,0,0,16,0.8125
609,14,3,1,0,0,18,0.7777777777777778
610,12,2,1,0,0,15,0.8
611,13,2,0,0,0,15,0.8666666666666667
612,12,3,1,0,0,16,0.75
613,13,3,1,0,0,17,0.7647058823529411
614,13,2,1,0,0,16,0.8125
615,11,2,1,0,0,14,0.7857142857142857
616,13,2,0,0,0,15,0.8666666666666667
617,12,2,0,0,0,14,0.8571428571428571
618,12,2,1,0,0,15,0.8
619,13,2,0,0,0,15,0.8666666666666667
620,12,2,1,0,0,15,0.8
621,12,3,0,0,0,15,0.8
622,12,2,0,0,0,14,0.8571428571428571
623,11,3,1,0,0,15,0.7333333333333333
624,12,2,1,0,0,15,0.8
625,14,3,0,0,0,17,0.8235294117647058
626,13,2,0,0,0,15,0.8666666666666667
627,11,2,1,0,0,14,0.7857142857142857
628,13,2,1,0,0,16,0.8125
629,11,2,1,0,0,14,0.7857142857142857
630,11,2,1,0,0,14,0.7857142857142857
631,11,2,0,0,0,13,0.8461538461538461
632,13,3,0,0,0,16,0.8125
633,11,2,0,0,0,13,0.8461538461538461
634,12,2,1,0,0,15,0.8
635,13,2,0,0,0,15,0.8666666666666667
636,13,3,1,0,0,17,0.7647058823529411
637,13,2,1,0,0,16,0.8125
638,11,2,0,0,0,13,0.8461538461538461
639,13,2,1,0,0,16,0.8125
640,13,2,1,0,0,16,0.8125
641,11,2,1,0,0,14,0.7857142857142857
642,12,2,1,0,0,15,0.8
643,13,2,0,0,0,15,0.8666666666666667
644,12,2,0,0,0,14,0.8571428571428571
645,13,2,0,0,0,15,0.8666666666666667
646,13,2,0,0,0,15,0.8666666666666667
647,12,2,0,0,0,14,0.8571428571428571
648,11,2,1,0,0,14,0.7857142857142857
649,13,3,1,0,0,17,0.7647058823529411
650,13,2,0,0,0,15,0.8666666666666667
651,13,2,0,0,0,15,0.8666666666666667
652,12,2,1,0,0,15,0.8
653,12,2,1,0,0,15,0.8
654,13,2,1,0,0,16,0.8125
655,12,2,0,0,0,14,0.8571428571428571
656,13,1,1,0,0,15,0.8666666666666667
657,13,2,0,0,0,15,0.8666666666666667
658,13,2,1,0,0,16,0.8125
659,14,2,1,0,0,17,0.8235294117647058
660,14,3,1,0,0,18,0.7777777777777778
661,11,2,1,0,0,14,0.7857142857142857
662,13,2,0,0,0,15,0.8666666666666667
663,13,2,1,0,0,16,0.8125
664,12,2,1,0,0,15,0.8
665,12,2,1,0,0,15,0.8
666,13,2,0,0,0,15,0.8666666666666667
667,13,2,1,0,0,16,0.8125
668,11,2,0,0,0,13,0.8461538461538461
669,12,2,1,0,0,15,0.8
670,12,2,1,0,0,15,0.8
671,13,2,1,0,0,16,0.8125
672,13,2,1,0,0,16,0.8125
673,10,2,1,0,0,13,0.7692307692307693
674,11,2,1,0,0,14,0.7857142857142857
675,12,2,1,0,0,15,0.8
676,12,2,1,0,0,15,0.8
677,13,2,1,0,0,16,0.8125
678,13,2,1,0,0,16,0.8125
679,12,2,1,0,0,15,0.8
680,13,2,0,0,0,15,0.8666666666666667
681,11,3,1,0,0,15,0.7333333333333333
682,13,2,0,0,0,15,0.8666666666666667
683,13,2,0,0,0,15,0.8666666666666667
684,12,2,0,0,0,14,0.8571428571428571
685,11,2,1,0,0,14,0.7857142857142857
686,13,2,1,0,0,16,0.8125
687,13,2,0,0,0,15,0.8666666666666667
688,13,2,1,0,0,16,0.8125
689,13,2,0,0,0,15,0.8666666666666667
690,13,2,1,0,0,16,0.8125
691,12,2,1,0,0,15,0.8
692,11,2,0,0,0,13,0.8461538461538461
693,12,2,0,0,0,14,0.8571428571428571
694,13,2,1,0,0,16,0.8125
695,12,2,0,0,0,14,0.8571428571428571
696,13,2,0,0,0,15,0.8666666666666667
697,12,2,0,0,0,14,0.8571428571428571
698,10,2,1,0,0,13,0.7692307692307693
699,11,2,1,0,0,14,0.7857142857142857
700,13,2,0,0,0,15,0.8666666666666667
701,14,2,0,0,0,16,0.875
702,9,2,0,0,0,11,0.8181818181818182
703,13,1,1,0,0,15,0.8666666666666667
704,13,2,1,0,0,16,0.8125
705,13,2,1,0,0,16,0.8125
706,11,2,1,0,0,14,0.7857142857142857
707,12,2,0,0,0,14,0.8571428571428571
708,13,2,1,0,0,16,0.8125
709,11,2,1,0,0,14,0.7857142857142857
710,13,2,1,0,0,16,0.8125
711,13,3,1,0,0,17,0.7647058823529411
712,11,2,0,0,0,13,0.8461538461538461
713,13,3,1,0,0,17,0.7647058823529411
714,12,2,0,0,0,14,0.8571428571428571
715,11,2,1,0,0,14,0.7857142857142857
716,11,3,1,0,0,15,0.7333333333333333
717,13,2,0,0,0,15,0.8666666666666667
718,13,2,0,0,0,15,0.8666666666666667
719,14,3,0,0,0,17,0.8235294117647058
720,12,2,1,0,0,15,0.8
721,13,2,1,0,0,16,0.8125
722,11,2,1,0,0,14,0.7857142857142857
723,12,2,1,0,0,15,0.8
724,12,2,1,0,0,15,0.8
725,13,2,1,0,0,16,0.8125
726,12,2,1,0,0,15,0.8
727,13,2,0,0,0,15,0.8666666666666667
728,13,2,1,0,0,16,0.8125
729,12,2,1,0,0,15,0.8
730,12,2,1,0,0,15,0.8
731,12,2,0,0,0,14,0.8571428571428571
732,10,2,0,0,0,12,0.8333333333333334
733,12,2,1,0,0,15,0.8
734,11,2,0,0,0,13,0.8461538461538461
735,13,2,1,0,0,16,0.8125
736,13,2,0,0,0,15,0.8666666666666667
737,13,3,1,0,0,17,0.7647058823529411
738,14,2,1,0,0,17,0.8235294117647058
739,13,2,1,0,0,16,0.8125
740,12,2,1,0,0,15,0.8
741,12,2,1,0,0,15,0.8
742,11,3,1,0,0,15,0.7333333333333333
743,13,2,1,0,0,16,0.8125
744,12,2,1,0,0,15,0.8
745,12,2,0,0,0,14,0.8571428571428571
746,13,2,1,0,0,16,0.8125
747,13,2,1,0,0,16,0.8125
748,12,2,2,0,0,16,0.75
749,12,2,0,0,0,14,0.8571428571428571
750,14,2,1,0,0,17,0.8235294117647058
751,12,2,1,0,0,15,0.8
752,12,2,1,0,0,15,0.8
753,12,2,1,0,0,15,0.8
754,10,2,1,0,0,13,0.7692307692307693
755,12,2,1,0,0,15,0.8
756,11,2,0,0,0,13,0.8461538461538461
757,12,2,1,0,0,15,0.8
758,13,2,1,0,0,16,0.8125
759,13,2,0,0,0,15,0.8666666666666667
760,13,2,1,0,0,16,0.8125
761,12,2,0,0,0,14,0.8571428571428571
762,13,2,0,0,0,15,0.8666666666666667
763,13,2,1,0,0,16,0.8125
764,14,3,0,0,0,17,0.8235294117647058
765,13,2,1,0,0,16,0.8125
766,11,2,1,0,0,14,0.7857142857142857
767,11,2,0,0,0,13,0.8461538461538461
768,12,2,0,0,0,14,0.8571428571428571
769,13,2,0,0,0,15,0.8666666666666667
770,13,2,0,0,0,15,0.8666666666666667
771,13,2,1,0,0,16,0.8125
772,13,2,0,0,0,15,0.8666666666666667
773,12,2,0,0,0,14,0.8571428571428571
774,10,2,0,0,0,12,0.8333333333333334
775,12,2,0,0,0,14,0.8571428571428571
776,12,2,0,0,0,14,0.8571428571428571
777,13,2,1,0,0,16,0.8125
778,12,2,1,0,0,15,0.8
779,13,2,1,0,0,16,0.8125
780,13,2,1,0,0,16,0.8125
781,13,2,0,0,0,15,0.8666666666666667
782,12,2,0,0,0,14,0.8571428571428571
783,14,2,1,0,0,17,0.8235294117647058
784,13,2,0,0,0,15,0.8666666666666667
785,12,2,0,0,0,14,0.8571428571428571
786,13,2,1,0,0,16,0.8125
787,13,2,1,0,0,16,0.8125
788,13,2,1,0,0,16,0.8125
789,13,2,1,0,0,16,0.8125
790,13,2,0,0,0,15,0.8666666666666667
791,13,2,1,0,0,16,0.8125
792,12,2,0,0,0,14,0.8571428571428571
793,13,2,0,0,0,15,0.8666666666666667
794,11,2,0,0,0,13,0.8461538461538461
795,12,2,1,0,0,15,0.8
796,13,2,1,0,0,16,0.8125
797,11,2,1,0,0,14,0.7857142857142857
798,13,2,1,0,0,16,0.8125
799,14,3,1,0,0,18,0.7777777777777778
800,12,2,1,0,0,15,0.8
801,12,2,1,0,0,15,0.8
802,13,2,1,0,0,16,0.8125
803,13,2,1,0,0,16,0.8125
804,11,2,1,0,0,14,0.7857142857142857
805,13,2,1,0,0,16,0.8125
806,10,2,1,0,0,13,0.7692307692307693
807,13,3,0,0,0,16,0.8125
808,12,2,1,0,0,15,0.8
809,13,2,1,0,0,16,0.8125
810,13,2,1,0,0,16,0.8125
811,12,2,0,0,0,14,0.8571428571428571
812,13,2,0,0,0,15,0.8666666666666667
813,13,2,1,0,0,16,0.8125
814,10,2,1,0,0,13,0.7692307692307693
815,9,2,1,0,0,12,0.75
816,12,2,1,0,0,15,0.8
817,12,2,1,0,0,15,0.8
818,13,2,1,0,0,16,0.8125
819,12,2,1,0,0,15,0.8
820,11,2,0,0,0,13,0.8461538461538461
821,12,2,1,0,0,15,0.8
822,13,3,0,0,0,16,0.8125
823,12,2,1,0,0,15,0.8
824,11,2,0,0,0,13,0.8461538461538461
825,12,2,1,0,0,15,0.8
826,13,2,1,0,0,16,0.8125
827,12,2,0,0,0,14,0.8571428571428571
828,12,2,0,0,0,14,0.8571428571428571
829,13,2,1,0,0,16,0.8125
830,13,2,2,0,0,17,0.7647058823529411
831,13,2,0,0,0,15,0.8666666666666667
832,13,2,1,0,0,16,0.8125
833,13,2,1,0,0,16,0.8125
834,12,2,0,0,0,14,0.8571428571428571
835,13,2,1,0,0,16,0.8125
836,13,2,1,0,0,16,0.8125
837,14,2,1,0,0,17,0.8235294117647058
838,12,2,1,0,0,15,0.8
839,12,2,1,0,0,15,0.8
840,12,2,0,0,0,14,0.8571428571428571
841,13,2,0,0,0,15,0.8666666666666667
842,12,2,1,0,0,15,0.8
843,14,3,1,0,0,18,0.7777777777777778
844,13,2,1,0,0,16,0.8125
845,13,3,1,0,0,17,0.7647058823529411
846,12,2,1,0,0,15,0.8
847,13,2,2,0,0,17,0.7647058823529411
848,12,2,0,0,0,14,0.8571428571428571
849,12,2,1,0,0,15,0.8
850,13,2,0,0,0,15,0.8666666666666667
851,12,2,1,0,0,15,0.8
852,13,2,1,0,0,16,0.8125
853,12,2,1,0,0,15,0.8
854,12,2,0,0,0,14,0.8571428571428571
855,13,2,1,0,0,16,0.8125
856,12,2,0,0,0,14,0.8571428571428571
857,12,2,1,0,0,15,0.8
858,13,2,1,0,0,16,0.8125
859,13,2,1,0,0,16,0.8125
860,13,2,0,0,0,15,0.8666666666666667
861,13,2,1,0,0,16,0.8125
862,11,2,0,0,0,13,0.8461538461538461
863,12,2,0,0,0,14,0.8571428571428571
864,11,2,1,0,0,14,0.7857142857142857
865,11,2,1,0,0,14,0.7857142857142857
866,12,2,1,0,0,15,0.8
867,13,2,1,0,0,16,0.8125
868,11,2,1,0,0,14,0.7857142857142857
869,13,2,1,0,0,16,0.8125
870,12,2,1,0,0,15,0.8
871,13,2,1,0,0,16,0.8125
872,12,2,1,0,0,15,0.8
873,13,2,1,0,0,16,0.8125
874,12,2,1,0,0,15,0.8
875,13,2,1,0,0,16,0.8125
876,10,2,1,0,0,13,0.7692307692307693
877,13,2,1,0,0,16,0.8125
878,12,2,1,0,0,15,0.8
879,13,2,0,0,0,15,0.8666666666666667
880,12,2,0,0,0,14,0.8571428571428571
881,14,2,1,0,0,17,0.8235294117647058
882,13,2,1,0,0,16,0.8125
883,13,2,0,0,0,15,0.8666666666666667
884,13,2,1,0,0,16,0.8125
885,12,2,1,0,0,15,0.8
886,11,2,1,0,0,14,0.7857142857142857
887,13,2,1,0,0,16,0.8125
888,10,1,1,0,0,12,0.8333333333333334
889,11,3,1,0,0,15,0.7333333333333333
890,12,2,1,0,0,15,0.8
891,13,2,2,0,0,17,0.7647058823529411
892,12,3,1,0,0,16,0.75
893,11,2,1,0,0,14,0.7857142857142857
894,13,2,0,0,0,15,0.8666666666666667
895,12,2,0,0,0,14,0.8571428571428571
896,13,2,1,0,0,16,0.8125
897,13,2,1,0,0,16,0.8125
898,13,2,1,0,0,16,0.8125
899,14,2,1,0,0,17,0.8235294117647058
900,13,3,1,0,0,17,0.7647058823529411
901,11,2,0,0,0,13,0.8461538461538461
902,12,2,1,0,0,15,0.8
903,13,3,1,0,0,17,0.7647058823529411
904,13,2,1,0,0,16,0.8125
905,13,2,0,0,0,15,0.8666666666666667
906,13,2,0,0,0,15,0.8666666666666667
907,10,2,1,0,0,13,0.7692307692307693
908,11,2,1,0,0,14,0.7857142857142857
909,12,3,1,0,0,16,0.75
910,13,2,1,0,0,16,0.8125
911,12,2,1,0,0,15,0.8
912,14,3,1,0,0,18,0.7777777777777778
913,14,2,1,0,0,17,0.8235294117647058
914,13,2,1,0,0,16,0.8125
915,14,2,1,0,0,17,0.8235294117647058
916,13,2,1,0,0,16,0.8125
917,14,3,1,0,0,18,0.7777777777777778
918,12,2,0,0,0,14,0.8571428571428571
919,13,2,1,0,0,16,0.8125
920,12,2,1,0,0,15,0.8
921,12,2,0,0,0,14,0.8571428571428571
922,12,2,1,0,0,15,0.8
923,14,2,1,0,0,17,0.8235294117647058
924,11,2,1,0,0,14,0.7857142857142857
925,14,2,1,0,0,17,0.8235294117647058
926,14,2,1,0,0,17,0.8235294117647058
927,10,2,1,0,0,13,0.7692307692307693
928,13,2,1,0,0,16,0.8125
929,13,2,1,0,0,16,0.8125
930,11,2,0,0,0,13,0.8461538461538461
931,13,2,0,0,0,15,0.8666666666666667
932,13,2,1,0,0,16,0.8125
933,13,2,1,0,0,16,0.8125
934,11,2,0,0,0,13,0.8461538461538461
935,11,2,1,0,0,14,0.7857142857142857
936,12,2,1,0,0,15,0.8
937,11,2,0,0,0,13,0.8461538461538461
938,13,3,0,0,0,16,0.8125
939,12,2,0,0,0,14,0.8571428571428571
940,13,2,1,0,0,16,0.8125
941,13,2,1,0,0,16,0.8125
942,12,2,1,0,0,15,0.8
943,12,2,0,0,0,14,0.8571428571428571
944,14,2,1,0,0,17,0.8235294117647058
945,13,2,0,0,0,15,0.8666666666666667
946,12,2,1,0,0,15,0.8
947,12,2,2,0,0,16,0.75
948,13,2,1,0,0,16,0.8125
949,12,2,1,0,0,15,0.8
950,12,2,1,0,0,15,0.8
951,13,2,1,0,0,16,0.8125
952,13,2,1,0,0,16,0.8125
953,12,2,1,0,0,15,0.8
954,12,2,1,0,0,15,0.8
955,13,2,0,0,0,15,0.8666666666666667
956,14,2,0,0,0,16,0.875
957,13,2,0,0,0,15,0.8666666666666667
958,12,2,1,0,0,15,0.8
959,12,3,0,0,0,15,0.8
960,11,2,0,0,0,13,0.8461538461538461
961,13,2,0,0,0,15,0.8666666666666667
962,11,2,0,0,0,13,0.8461538461538461
963,13,2,0,0,0,15,0.8666666666666667
964,13,2,1,0,0,16,0.8125
965,12,2,1,0,0,15,0.8
966,13,2,2,0,0,17,0.7647058823529411
967,13,3,2,0,0,18,0.7222222222222222
968,11,2,1,0,0,14,0.7857142857142857
969,12,2,1,0,0,15,0.8
970,12,2,1,0,0,15,0.8
971,11,2,2,0,0,15,0.7333333333333333
972,12,2,1,0,0,15,0.8
973,12,2,1,0,0,15,0.8
974,12,2,1,0,0,15,0.8
975,13,2,1,0,0,16,0.8125
976,11,2,1,0,0,14,0.7857142857142857
977,13,2,1,0,0,16,0.8125
978,13,2,1,0,0,16,0.8125
979,12,3,1,0,0,16,0.75
980,10,2,1,0,0,13,0.7692307692307693
981,13,3,1,0,0,17,0.7647058823529411
982,12,2,1,0,0,15,0.8
983,12,2,1,0,0,15,0.8
984,11,2,1,0,0,14,0.7857142857142857
985,12,2,1,0,0,15,0.8
986,12,2,1,0,0,15,0.8
987,12,2,1,0,0,15,0.8
988,14,2,1,0,0,17,0.8235294117647058
989,13,3,1,0,0,17,0.7647058823529411
990,13,2,1,0,0,16,0.8125
991,13,2,0,0,0,15,0.8666666666666667
992,11,2,2,0,0,15,0.7333333333333333
993,13,2,1,0,0,16,0.8125
994,14,2,1,0,0,17,0.8235294117647058
995,12,2,0,0,0,14,0.8571428571428571
996,13,2,1,0,0,16,0.8125
997,12,2,1,0,0,15,0.8
998,13,3,1,0,0,17,0.7647058823529411
999,11,2,1,0,0,14,0.7857142857142857
1000,12,3,1,0,0,16,0.75
1001,12,2,1,0,0,15,0.8
1002,12,2,1,0,0,15,0.8
1003,13,2,1,0,0,16,0.8125
1004,12,2,1,0,0,15,0.8
1005,11,2,1,0,0,14,0.7857142857142857
1006,13,2,1,0,0,16,0.8125
1007,13,2,1,0,0,16,0.8125
1008,13,2,1,0,0,16,0.8125
1009,11,2,1,0,0,14,0.7857142857142857
1010,13,2,0,0,0,15,0.8666666666666667
1011,12,2,1,0,0,15,0.8
1012,13,2,1,0,0,16,0.8125
1013,12,3,1,0,0,16,0.75
1014,14,2,0,0,0,16,0.875
1015,11,2,0,0,0,13,0.8461538461538461
1016,12,2,0,0,0,14,0.8571428571428571
1017,13,2,0,0,0,15,0.8666666666666667
1018,13,2,1,0,0,16,0.8125
1019,13,2,1,0,0,16,0.8125
1020,13,2,1,0,0,16,0.8125
1021,11,3,1,0,0,15,0.7333333333333333
1022,13,2,1,0,0,16,0.8125
1023,13,2,1,0,0,16,0.8125
1024,13,2,1,0,0,16,0.8125
1025,13,2,0,0,0,15,0.8666666666666667
1026,13,2,0,0,0,15,0.8666666666666667
1027,12,2,0,0,0,14,0.8571428571428571
1028,12,2,1,0,0,15,0.8
1029,13,2,1,0,0,16,0.8125
1030,13,3,1,0,0,17,0.7647058823529411
1031,14,2,1,0,0,17,0.8235294117647058
1032,11,2,0,0,0,13,0.8461538461538461
1033,14,2,1,0,0,17,0.8235294117647058
1034,13,2,0,0,0,15,0.8666666666666667
1035,12,2,0,0,0,14,0.8571428571428571
1036,14,2,1,0,0,17,0.8235294117647058
1037,14,2,1,0,0,17,0.8235294117647058
1038,12,2,0,0,0,14,0.8571428571428571
1039,12,2,0,0,0,14,0.8571428571428571
1040,12,2,0,0,0,14,0.8571428571428571
1041,12,2,0,0,0,14,0.8571428571428571
1042,14,2,1,0,0,17,0.8235294117647058
1043,13,2,0,0,0,15,0.8666666666666667
1044,12,2,1,0,0,15,0.8
1045,13,2,1,0,0,16,0.8125
1046,14,2,0,0,0,16,0.875
1047,11,2,1,0,0,14,0.7857142857142857
1048,14,3,0,0,0,17,0.8235294117647058
1049,12,2,1,0,0,15,0.8
1050,13,2,1,0,0,16,0.8125
1051,11,2,0,0,0,13,0.8461538461538461
1052,13,2,1,0,0,16,0.8125
1053,12,2,1,0,0,15,0.8
1054,13,2,0,0,0,15,0.8666666666666667
1055,12,2,0,0,0,14,0.8571428571428571
1056,13,2,1,0,0,16,0.8125
1057,12,2,1,0,0,15,0.8
1058,13,2,1,0,0,16,0.8125
1059,12,2,1,0,0,15,0.8
1060,13,2,0,0,0,15,0.8666666666666667
1061,13,2,0,0,0,15,0.8666666666666667
1062,12,2,0,0,0,14,0.8571428571428571
1063,14,2,1,0,0,17,0.8235294117647058
1064,12,2,1,0,0,15,0.8
1065,11,2,1,0,0,14,0.7857142857142857
1066,13,2,0,0,0,15,0.8666666666666667
1067,12,2,1,0,0,15,0.8
1068,12,2,0,0,0,14,0.8571428571428571
1069,12,2,0,0,0,14,0.8571428571428571
1070,13,2,0,0,0,15,0.8666666666666667
1071,13,2,0,0,0,15,0.8666666666666667
1072,12,2,0,0,0,14,0.8571428571428571
1073,13,2,1,0,0,16,0.8125
1074,13,2,1,0,0,16,0.8125
1075,13,2,1,0,0,16,0.8125
1076,13,2,1,0,0,16,0.8125
1077,12,2,1,0,0,15,0.8
1078,13,2,0,0,0,15,0.8666666666666667
1079,12,2,0,0,0,14,0.8571428571428571
1080,14,2,1,0,0,17,0.8235294117647058
1081,13,2,0,0,0,15,0.8666666666666667
1082,13,2,1,0,0,16,0.8125
1083,12,2,1,0,0,15,0.8
1084,12,2,1,0,0,15,0.8
1085,12,2,1,0,0,15,0.8
1086,12,2,1,0,0,15,0.8
1087,9,2,1,0,0,12,0.75
1088,12,2,2,0,0,16,0.75
1089,11,2,1,0,0,14,0.7857142857142857
1090,11,2,1,0,0,14,0.7857142857142857
1091,13,1,1,0,0,15,0.8666666666666667
1092,12,2,2,0,0,16,0.75
1093,13,2,1,0,0,16,0.8125
1094,12,2,1,0,0,15,0.8
1095,11,2,1,0,0,14,0.7857142857142857
1096,12,2,1,0,0,15,0.8
1097,13,2,1,0,0,16,0.8125
1098,12,2,1,0,0,15,0.8
1099,13,2,1,0,0,16,0.8125
1100,13,2,1,0,0,16,0.8125
1101,11,2,1,0,0,14,0.7857142857142857
1102,11,2,0,0,0,13,0.8461538461538461
1103,12,2,0,0,0,14,0.8571428571428571
1104,11,2,0,0,0,13,0.8461538461538461
1105,13,2,0,0,0,15,0.8666666666666667
1106,13,2,0,0,0,15,0.8666666666666667
1107,13,2,1,0,0,16,0.8125
1108,12,2,1,0,0,15,0.8
1109,11,2,1,0,0,14,0.7857142857142857
1110,11,1,0,0,0,12,0.9166666666666666
1111,12,3,1,0,0,16,0.75
1112,13,2,1,0,0,16,0.8125
1113,13,3,1,0,0,17,0.7647058823529411
1114,13,2,1,0,0,16,0.8125
1115,12,2,1,0,0,15,0.8
1116,13,2,1,0,0,16,0.8125
1117,14,2,1,0,0,17,0.8235294117647058
1118,13,3,1,0,0,17,0.7647058823529411
1119,12,2,0,0,0,14,0.8571428571428571
1120,13,2,1,0,0,16,0.8125
1121,13,2,1,0,0,16,0.8125
1122,12,2,0,0,0,14,0.8571428571428571
1123,12,2,1,0,0,15,0.8
1124,11,2,0,0,0,13,0.8461538461538461
1125,12,2,0,0,0,14,0.8571428571428571
1126,14,3,1,0,0,18,0.7777777777777778
1127,11,2,1,0,0,14,0.7857142857142857
1128,13,2,1,0,0,16,0.8125
1129,13,2,1,0,0,16,0.8125
1130,13,2,1,0,0,16,0.8125
1131,14,2,1,0,0,17,0.8235294117647058
1132,12,2,2,0,0,16,0.75
1133,12,2,1,0,0,15,0.8
1134,11,2,1,0,0,14,0.7857142857142857
1135,12,2,1,0,0,15,0.8
1136,13,2,0,0,0,15,0.8666666666666667
1137,14,2,1,0,0,17,0.8235294117647058
1138,10,2,1,0,0,13,0.7692307692307693
1139,9,2,1,0,0,12,0.75
1140,12,2,1,0,0,15,0.8
1141,12,2,1,0,0,15,0.8
1142,12,2,1,0,0,15,0.8
1143,16,2,1,0,0,19,0.8421052631578947
1144,12,2,1,0,0,15,0.8
1145,13,2,1,0,0,16,0.8125
1146,13,2,1,0,0,16,0.8125
1147,12,2,2,0,0,16,0.75
1148,12,2,2,0,0,16,0.75
1149,12,2,2,0,0,16,0.75
1150,12,2,0,0,0,14,0.8571428571428571
1151,12,2,0,0,0,14,0.8571428571428571
1152,12,3,1,0,0,16,0.75
1153,12,3,1,0,0,16,0.75
1154,12,2,2,0,0,16,0.75
1155,13,2,2,0,0,17,0.7647058823529411
1156,13,3,1,0,0,17,0.7647058823529411
1157,13,2,0,0,0,15,0.8666666666666667
1158,13,2,0,0,0,15,0.8666666666666667
1159,13,2,1,0,0,16,0.8125
1160,12,2,1,0,0,15,0.8
1161,13,2,2,0,0,17,0.7647058823529411
1162,13,2,1,0,0,16,0.8125
1163,12,2,1,0,0,15,0.8
1164,11,1,0,0,0,12,0.9166666666666666
1165,13,2,0,0,0,15,0.8666666666666667
1166,14,2,0,0,0,16,0.875
1167,14,2,1,0,0,17,0.8235294117647058
1168,13,3,2,0,0,18,0.7222222222222222
1169,13,2,1,0,0,16,0.8125
1170,14,2,0,0,0,16,0.875
1171,13,2,1,0,0,16,0.8125
1172,12,2,0,0,0,14,0.8571428571428571
1173,13,2,0,0,0,15,0.8666666666666667
1174,12,2,0,0,0,14,0.8571428571428571
1175,13,2,0,0,0,15,0.8666666666666667
1176,13,2,0,0,0,15,0.8666666666666667
1177,13,2,0,0,0,15,0.8666666666666667
1178,12,3,1,0,0,16,0.75
1179,13,2,0,0,0,15,0.8666666666666667
1180,13,2,1,0,0,16,0.8125
1181,13,2,0,0,0,15,0.8666666666666667
1182,12,2,0,0,0,14,0.8571428571428571
1183,12,2,0,0,0,14,0.8571428571428571
1184,13,2,0,0,0,15,0.8666666666666667
1185,14,2,0,0,0,16,0.875
1186,13,2,0,0,0,15,0.8666666666666667
1187,13,2,1,0,0,16,0.8125
1188,13,3,1,0,0,17,0.7647058823529411
1189,12,2,1,0,0,15,0.8
1190,12,2,1,0,0,15,0.8
1191,12,2,0,0,0,14,0.8571428571428571
1192,13,2,0,0,0,15,0.8666666666666667
1193,13,3,1,0,0,17,0.7647058823529411
1194,13,2,1,0,0,16,0.8125
1195,12,2,1,0,0,15,0.8
1196,14,2,0,0,0,16,0.875
1197,13,2,1,0,0,16,0.8125
1198,14,2,1,0,0,17,0.8235294117647058
1199,13,2,0,0,0,15,0.8666666666666667
1200,14,2,0,0,0,16,0.875
1201,13,2,1,0,0,16,0.8125
1202,13,2,0,0,0,15,0.8666666666666667
1203,12,2,1,0,0,15,0.8
1204,11,2,1,0,0,14,0.7857142857142857
1205,13,2,1,0,0,16,0.8125
1206,13,2,1,0,0,16,0.8125
1207,13,2,1,0,0,16,0.8125
1208,11,1,1,0,0,13,0.8461538461538461
1209,8,2,1,0,0,11,0.7272727272727273
1210,13,2,1,0,0,16,0.8125
1211,13,1,1,0,0,15,0.8666666666666667
1212,12,2,1,0,0,15,0.8
1213,13,2,1,0,0,16,0.8125
1214,11,2,1,0,0,14,0.7857142857142857
1215,13,2,1,0,0,16,0.8125
1216,12,2,1,0,0,15,0.8
1217,12,1,1,0,0,14,0.8571428571428571
1218,12,2,1,0,0,15,0.8
1219,13,2,1,0,0,16,0.8125
1220,13,2,1,0,0,16,0.8125
1221,13,2,1,0,0,16,0.8125
1222,14,3,1,0,0,18,0.7777777777777778
1223,12,2,1,0,0,15,0.8
1224,15,2,1,0,0,18,0.8333333333333334
1225,14,3,1,0,0,18,0.7777777777777778
1226,12,2,0,0,0,14,0.8571428571428571
1227,13,2,0,0,0,15,0.8666666666666667
1228,12,2,1,0,0,15,0.8
1229,13,2,1,0,0,16,0.8125
1230,12,2,0,0,0,14,0.8571428571428571
1231,12,2,1,0,0,15,0.8
1232,12,3,1,0,0,16,0.75
1233,13,2,1,0,0,16,0.8125
1234,12,2,1,0,0,15,0.8
1235,12,2,1,0,0,15,0.8
1236,12,2,1,0,0,15,0.8
1237,12,2,2,0,0,16,0.75
1238,14,2,0,0,0,16,0.875
1239,12,2,1,0,0,15,0.8
1240,10,2,1,0,0,13,0.7692307692307693
1241,12,2,1,0,0,15,0.8
1242,12,2,2,0,0,16,0.75
1243,14,3,1,0,0,18,0.7777777777777778
1244,13,2,0,0,0,15,0.8666666666666667
1245,13,3,1,0,0,17,0.7647058823529411
1246,13,3,1,0,0,17,0.7647058823529411
1247,13,2,1,0,0,16,0.8125
1248,13,2,1,0,0,16,0.8125
1249,11,2,1,0,0,14,0.7857142857142857
1250,12,2,1,0,0,15,0.8
1251,12,2,1,0,0,15,0.8
1252,12,2,1,0,0,15,0.8
1253,13,3,1,0,0,17,0.7647058823529411
1254,13,3,1,0,0,17,0.7647058823529411
1255,13,2,1,0,0,16,0.8125
1256,12,2,0,0,0,14,0.8571428571428571
1257,13,2,1,0,0,16,0.8125
1258,14,3,1,0,0,18,0.7777777777777778
1259,12,2,2,0,0,16,0.75
1260,12,3,1,0,0,16,0.75
1261,13,1,2,0,0,16,0.8125
1262,14,3,1,0,0,18,0.7777777777777778
1263,13,1,2,0,0,16,0.8125
1264,13,3,1,0,0,17,0.7647058823529411
1265,12,3,1,0,0,16,0.75
1266,13,3,1,0,0,17,0.7647058823529411
1267,12,2,1,0,0,15,0.8
1268,12,2,1,0,0,15,0.8
1269,13,2,1,0,0,16,0.8125
1270,13,2,1,0,0,16,0.8125
1271,13,3,1,0,0,17,0.7647058823529411
1272,13,2,1,0,0,16,0.8125
1273,12,2,1,0,0,15,0.8
1274,12,2,1,0,0,15,0.8
1275,14,3,1,0,0,18,0.7777777777777778
1276,13,2,1,0,0,16,0.8125
1277,11,2,1,0,0,14,0.7857142857142857
1278,13,2,1,0,0,16,0.8125
1279,13,2,1,0,0,16,0.8125
1280,13,3,1,0,0,17,0.7647058823529411
1281,13,2,1,0,0,16,0.8125
1282,13,3,1,0,0,17,0.7647058823529411
1283,14,2,0,0,0,16,0.875
1284,11,2,1,0,0,14,0.7857142857142857
1285,13,2,0,0,0,15,0.8666666666666667
1286,13,2,2,0,0,17,0.7647058823529411
1287,14,2,1,0,0,17,0.8235294117647058
1288,12,3,1,0,0,16,0.75
1289,12,2,0,0,0,14,0.8571428571428571
1290,12,2,1,0,0,15,0.8
1291,12,2,0,0,0,14,0.8571428571428571
1292,12,2,2,0,0,16,0.75
1293,13,2,1,0,0,16,0.8125
1294,12,2,1,0,0,15,0.8
1295,13,3,1,0,0,17,0.7647058823529411
1296,13,3,1,0,0,17,0.7647058823529411
1297,12,2,1,0,0,15,0.8
1298,13,2,1,0,0,16,0.8125
1299,11,2,0,0,0,13,0.8461538461538461
1300,13,2,0,0,0,15,0.8666666666666667
1301,13,2,1,0,0,16,0.8125
1302,13,2,0,0,0,15,0.8666666666666667
1303,13,2,0,0,0,15,0.8666666666666667
1304,13,2,1,0,0,16,0.8125
1305,13,2,1,0,0,16,0.8125
1306,13,3,1,0,0,17,0.7647058823529411
1307,11,3,2,0,0,16,0.6875
1308,11,2,1,0,0,14,0.7857142857142857
1309,13,2,1,0,0,16,0.8125
1310,13,2,0,0,0,15,0.8666666666666667
1311,13,3,1,0,0,17,0.7647058823529411
1312,14,2,1,0,0,17,0.8235294117647058
1313,11,2,0,0,0,13,0.8461538461538461
1314,12,1,1,0,0,14,0.8571428571428571
1315,12,2,1,0,0,15,0.8
1316,12,3,1,0,0,16,0.75
1317,13,2,2,0,0,17,0.7647058823529411
1318,14,2,1,0,0,17,0.8235294117647058
1319,13,1,1,0,0,15,0.8666666666666667
1320,13,2,1,0,0,16,0.8125
1321,13,2,1,0,0,16,0.8125
1322,13,2,1,0,0,16,0.8125
1323,13,2,2,0,0,17,0.7647058823529411
1324,12,3,2,0,0,17,0.7058823529411765
1325,14,2,1,0,0,17,0.8235294117647058
1326,13,2,0,0,0,15,0.8666666666666667
1327,11,2,0,0,0,13,0.8461538461538461
1328,13,2,0,0,0,15,0.8666666666666667
1329,12,2,1,0,0,15,0.8
1330,13,2,1,0,0,16,0.8125
1331,13,3,1,0,0,17,0.7647058823529411
1332,12,2,1,0,0,15,0.8
1333,13,3,1,0,0,17,0.7647058823529411
1334,13,3,1,0,0,17,0.7647058823529411
1335,13,2,1,0,0,16,0.8125
1336,12,2,1,0,0,15,0.8
1337,12,2,1,0,0,15,0.8
1338,12,2,0,0,0,14,0.8571428571428571
1339,14,3,1,0,0,18,0.7777777777777778
1340,13,2,1,0,0,16,0.8125
1341,12,3,1,0,0,16,0.75
1342,13,2,1,0,0,16,0.8125
1343,13,2,0,0,0,15,0.8666666666666667
1344,12,2,0,0,0,14,0.8571428571428571
1345,13,2,1,0,0,16,0.8125
1346,12,2,0,0,0,14,0.8571428571428571
1347,12,2,1,0,0,15,0.8
1348,12,2,0,0,0,14,0.8571428571428571
1349,14,2,1,0,0,17,0.8235294117647058
1350,12,2,1,0,0,15,0.8
1351,12,2,1,0,0,15,0.8
1352,13,2,0,0,0,15,0.8666666666666667
1353,14,2,1,0,0,17,0.8235294117647058
1354,12,2,1,0,0,15,0.8
1355,13,2,1,0,0,16,0.8125
1356,13,2,1,0,0,16,0.8125
1357,13,2,1,0,0,16,0.8125
1358,13,2,1,0,0,16,0.8125
1359,14,3,1,0,0,18,0.7777777777777778
1360,13,2,1,0,0,16,0.8125
1361,12,3,0,0,0,15,0.8
1362,13,2,1,0,0,16,0.8125
1363,12,2,1,0,0,15,0.8
1364,12,3,0,0,0,15,0.8
1365,13,2,1,0,0,16,0.8125
1366,12,2,0,0,0,14,0.8571428571428571
1367,13,2,1,0,0,16,0.8125
1368,12,2,1,0,0,15,0.8
1369,13,2,1,0,0,16,0.8125
1370,14,3,2,0,0,19,0.7368421052631579
1371,13,2,0,0,0,15,0.8666666666666667
1372,14,2,0,0,0,16,0.875
1373,14,2,1,0,0,17,0.8235294117647058
1374,14,2,0,0,0,16,0.875
1375,12,2,0,0,0,14,0.8571428571428571
1376,13,2,1,0,0,16,0.8125
1377,12,2,0,0,0,14,0.8571428571428571
1378,13,2,1,0,0,16,0.8125
1379,12,2,1,0,0,15,0.8
1380,11,3,1,0,0,15,0.7333333333333333
1381,14,2,1,0,0,17,0.8235294117647058
1382,12,2,1,0,0,15,0.8
1383,12,2,1,0,0,15,0.8
1384,13,2,1,0,0,16,0.8125
1385,11,2,1,0,0,14,0.7857142857142857
1386,12,2,1,0,0,15,0.8
1387,11,2,1,0,0,14,0.7857142857142857
1388,13,2,1,0,0,16,0.8125
1389,12,2,0,0,0,14,0.8571428571428571
1390,12,2,1,0,0,15,0.8
1391,13,2,1,0,0,16,0.8125
1392,14,3,1,0,0,18,0.7777777777777778
1393,14,3,1,0,0,18,0.7777777777777778
1394,12,3,1,0,0,16,0.75
1395,14,3,1,0,0,18,0.7777777777777778
1396,12,2,1,0,0,15,0.8
1397,13,3,1,0,0,17,0.7647058823529411
1398,13,3,1,0,0,17,0.7647058823529411
1399,13,3,1,0,0,17,0.7647058823529411
1400,14,3,1,0,0,18,0.7777777777777778
1401,12,2,1,0,0,15,0.8
1402,11,2,1,0,0,14,0.7857142857142857
1403,13,2,1,0,0,16,0.8125
1404,13,2,1,0,0,16,0.8125
1405,13,2,1,0,0,16,0.8125
1406,12,2,1,0,0,15,0.8
1407,12,2,1,0,0,15,0.8
1408,14,2,1,0,0,17,0.8235294117647058
1409,13,3,1,0,0,17,0.7647058823529411
1410,13,2,1,0,0,16,0.8125
1411,11,2,1,0,0,14,0.7857142857142857
1412,12,2,1,0,0,15,0.8
1413,13,2,1,0,0,16,0.8125
1414,11,3,1,0,0,15,0.7333333333333333
1415,13,3,1,0,0,17,0.7647058823529411
1416,14,2,1,0,0,17,0.8235294117647058
1417,12,1,1,0,0,14,0.8571428571428571
1418,12,2,1,0,0,15,0.8
1419,14,2,1,0,0,17,0.8235294117647058
1420,12,2,1,0,0,15,0.8
1421,12,2,1,0,0,15,0.8
1422,13,2,1,0,0,16,0.8125
1423,11,2,0,0,0,13,0.8461538461538461
1424,12,2,1,0,0,15,0.8
1425,12,2,1,0,0,15,0.8
1426,12,2,1,0,0,15,0.8
1427,13,2,1,0,0,16,0.8125
1428,13,2,1,0,0,16,0.8125
1429,13,3,1,0,0,17,0.7647058823529411
1430,13,2,1,0,0,16,0.8125
1431,14,2,1,0,0,17,0.8235294117647058
1432,13,2,1,0,0,16,0.8125
1433,12,2,1,0,0,15,0.8
1434,12,2,1,0,0,15,0.8
1435,13,3,1,0,0,17,0.7647058823529411
1436,12,2,1,0,0,15,0.8
1437,11,2,1,0,0,14,0.7857142857142857
1438,12,3,1,0,0,16,0.75
1439,12,2,1,0,0,15,0.8
1440,13,2,1,0,0,16,0.8125
1441,10,2,1,0,0,13,0.7692307692307693
1442,11,2,1,0,0,14,0.7857142857142857
1443,11,2,1,0,0,14,0.7857142857142857
1444,13,2,1,0,0,16,0.8125
1445,10,2,1,0,0,13,0.7692307692307693
1446,12,2,1,0,0,15,0.8
1447,11,3,1,0,0,15,0.7333333333333333
1448,11,2,1,0,0,14,0.7857142857142857
1449,11,2,1,0,0,14,0.7857142857142857
1450,13,2,1,0,0,16,0.8125
1451,13,2,1,0,0,16,0.8125
1452,12,2,1,0,0,15,0.8
1453,13,2,1,0,0,16,0.8125
1454,11,2,1,0,0,14,0.7857142857142857
1455,13,2,1,0,0,16,0.8125
1456,10,2,1,0,0,13,0.7692307692307693
1457,12,3,1,0,0,16,0.75
1458,12,2,1,0,0,15,0.8
1459,12,2,1,0,0,15,0.8
1460,12,2,1,0,0,15,0.8
1461,13,2,1,0,0,16,0.8125
1462,12,3,1,0,0,16,0.75
1463,14,2,1,0,0,17,0.8235294117647058
1464,12,2,1,0,0,15,0.8
1465,12,3,1,0,0,16,0.75
1466,12,3,1,0,0,16,0.75
1467,12,2,1,0,0,15,0.8
1468,12,2,1,0,0,15,0.8
1469,13,2,1,0,0,16,0.8125
1470,13,2,1,0,0,16,0.8125
1471,13,2,1,0,0,16,0.8125
1472,13,2,1,0,0,16,0.8125
1473,12,2,1,0,0,15,0.8
1474,13,2,1,0,0,16,0.8125
1475,13,2,1,0,0,16,0.8125
1476,11,2,1,0,0,14,0.7857142857142857
1477,14,2,1,0,0,17,0.8235294117647058
1478,12,2,1,0,0,15,0.8
1479,13,3,1,0,0,17,0.7647058823529411
1480,13,2,1,0,0,16,0.8125
1481,12,2,1,0,0,15,0.8
1482,12,3,1,0,0,16,0.75
1483,11,2,1,0,0,14,0.7857142857142857
1484,13,3,1,0,0,17,0.7647058823529411
1485,12,3,1,0,0,16,0.75
1486,12,2,1,0,0,15,0.8
1487,13,3,1,0,0,17,0.7647058823529411
1488,11,3,1,0,0,15,0.7333333333333333
1489,13,3,1,0,0,17,0.7647058823529411
1490,14,2,1,0,0,17,0.8235294117647058
1491,12,2,1,0,0,15,0.8
1492,12,2,1,0,0,15,0.8
1493,13,3,1,0,0,17,0.7647058823529411
1494,12,3,1,0,0,16,0.75
1495,12,2,1,0,0,15,0.8
1496,12,3,1,0,0,16,0.75
1497,13,2,1,0,0,16,0.8125
1498,13,3,1,0,0,17,0.7647058823529411
1499,14,3,1,0,0,18,0.7777777777777778
1500,12,2,1,0,0,15,0.8
1501,13,3,1,0,0,17,0.7647058823529411
1502,11,3,1,0,0,15,0.7333333333333333
1503,11,3,1,0,0,15,0.7333333333333333
1504,14,3,1,0,0,18,0.7777777777777778
1505,12,2,1,0,0,15,0.8
1506,12,2,1,0,0,15,0.8
1507,10,3,1,0,0,14,0.7142857142857143
1508,11,2,1,0,0,14,0.7857142857142857
1509,12,2,1,0,0,15,0.8
1510,13,3,1,0,0,17,0.7647058823529411
1511,13,2,1,0,0,16,0.8125
1512,13,2,1,0,0,16,0.8125
1513,13,3,1,0,0,17,0.7647058823529411
1514,14,2,1,0,0,17,0.8235294117647058
1515,12,2,1,0,0,15,0.8
1516,12,2,1,0,0,15,0.8
1517,14,3,1,0,0,18,0.7777777777777778
1518,12,2,0,0,0,14,0.8571428571428571
1519,12,2,1,0,0,15,0.8
1520,13,2,1,0,0,16,0.8125
1521,13,2,1,0,0,16,0.8125
1522,13,3,1,0,0,17,0.7647058823529411
1523,11,2,1,0,0,14,0.7857142857142857
1524,11,2,1,0,0,14,0.7857142857142857
1525,11,2,1,0,0,14,0.7857142857142857
1526,13,3,1,0,0,17,0.7647058823529411
1527,13,2,1,0,0,16,0.8125
1528,13,3,1,0,0,17,0.7647058823529411
1529,13,2,1,0,0,16,0.8125
1530,11,2,1,0,0,14,0.7857142857142857
1531,13,2,1,0,0,16,0.8125
1532,13,3,1,0,0,17,0.7647058823529411
1533,12,2,1,0,0,15,0.8
1534,13,3,1,0,0,17,0.7647058823529411
1535,12,2,1,0,0,15,0.8
1536,11,2,1,0,0,14,0.7857142857142857
1537,12,2,1,0,0,15,0.8
1538,14,3,1,0,0,18,0.7777777777777778
1539,13,2,1,0,0,16,0.8125
1540,11,2,1,0,0,14,0.7857142857142857
1541,12,3,1,0,0,16,0.75
1542,13,2,0,0,0,15,0.8666666666666667
1543,13,2,0,0,0,15,0.8666666666666667
1544,11,2,0,0,0,13,0.8461538461538461
1545,14,2,1,0,0,17,0.8235294117647058
1546,12,2,0,0,0,14,0.8571428571428571
1547,11,2,0,0,0,13,0.8461538461538461
1548,12,2,1,0,0,15,0.8
1549,11,2,1,0,0,14,0.7857142857142857
1550,14,2,1,0,0,17,0.8235294117647058
1551,11,3,1,0,0,15,0.7333333333333333
1552,13,2,1,0,0,16,0.8125
1553,12,3,1,0,0,16,0.75
1554,11,3,1,0,0,15,0.7333333333333333
1555,11,2,1,0,0,14,0.7857142857142857
1556,13,2,1,0,0,16,0.8125
1557,13,2,1,0,0,16,0.8125
1558,15,3,1,0,0,19,0.7894736842105263
1559,11,2,1,0,0,14,0.7857142857142857
1560,13,2,1,0,0,16,0.8125
1561,11,2,1,0,0,14,0.7857142857142857
1562,11,2,1,0,0,14,0.7857142857142857
1563,12,3,1,0,0,16,0.75
1564,15,3,1,0,0,19,0.7894736842105263
1565,13,2,1,0,0,16,0.8125
1566,13,3,1,0,0,17,0.7647058823529411
1567,13,2,1,0,0,16,0.8125
1568,12,2,1,0,0,15,0.8
1569,12,2,1,0,0,15,0.8
1570,13,2,1,0,0,16,0.8125
1571,13,2,1,0,0,16,0.8125
1572,13,2,1,0,0,16,0.8125
1573,12,2,1,0,0,15,0.8
1574,13,2,1,0,0,16,0.8125
1575,13,2,1,0,0,16,0.8125
1576,13,2,1,0,0,16,0.8125
1577,12,2,1,0,0,15,0.8
1578,11,2,1,0,0,14,0.7857142857142857
1579,12,2,1,0,0,15,0.8
1580,13,2,1,0,0,16,0.8125
1581,13,2,1,0,0,16,0.8125
1582,12,2,1,0,0,15,0.8
1583,12,2,1,0,0,15,0.8
1584,14,2,1,0,0,17,0.8235294117647058
1585,13,2,1,0,0,16,0.8125
1586,12,3,1,0,0,16,0.75
1587,15,2,1,0,0,18,0.8333333333333334
1588,13,2,1,0,0,16,0.8125
1589,13,2,1,0,0,16,0.8125
1590,13,2,1,0,0,16,0.8125
1591,13,2,1,0,0,16,0.8125
1592,13,2,1,0,0,16,0.8125
1593,13,2,1,0,0,16,0.8125
1594,13,2,1,0,0,16,0.8125
1595,13,2,1,0,0,16,0.8125
1596,13,2,1,0,0,16,0.8125
1597,11,2,1,0,0,14,0.7857142857142857
1598,13,2,1,0,0,16,0.8125
1599,13,2,1,0,0,16,0.8125
1600,15,2,1,0,0,18,0.8333333333333334
1601,11,2,1,0,0,14,0.7857142857142857
1602,12,2,0,0,0,14,0.8571428571428571
1603,14,2,1,0,0,17,0.8235294117647058
1604,11,2,1,0,0,14,0.7857142857142857
1605,12,2,1,0,0,15,0.8
1606,12,3,1,0,0,16,0.75
1607,12,2,1,0,0,15,0.8
1608,12,2,1,0,0,15,0.8
1609,13,2,1,0,0,16,0.8125
1610,12,2,1,0,0,15,0.8
1611,14,2,1,0,0,17,0.8235294117647058
1612,14,2,1,0,0,17,0.8235294117647058
1613,12,2,0,0,0,14,0.8571428571428571
1614,12,2,1,0,0,15,0.8
1615,13,2,1,0,0,16,0.8125
1616,13,2,1,0,0,16,0.8125
1617,12,2,1,0,0,15,0.8
1618,13,2,1,0,0,16,0.8125
1619,13,3,1,0,0,17,0.7647058823529411
1620,10,3,2,0,0,15,0.6666666666666666
1621,12,3,2,0,0,17,0.7058823529411765
1622,12,3,1,0,0,16,0.75
1623,11,3,1,0,0,15,0.7333333333333333
1624,12,2,1,0,0,15,0.8
1625,12,2,1,0,0,15,0.8
1626,12,2,1,0,0,15,0.8
1627,12,2,1,0,0,15,0.8
1628,14,2,1,0,0,17,0.8235294117647058
1629,13,3,1,0,0,17,0.7647058823529411
1630,13,1,1,0,0,15,0.8666666666666667
1631,13,1,1,0,0,15,0.8666666666666667
1632,11,2,1,0,0,14,0.7857142857142857
1633,13,2,1,0,0,16,0.8125
1634,14,2,1,0,0,17,0.8235294117647058
1635,13,1,1,0,0,15,0.8666666666666667
1636,10,2,1,0,0,13,0.7692307692307693
1637,12,2,1,0,0,15,0.8
1638,12,2,0,0,0,14,0.8571428571428571
1639,12,3,1,0,0,16,0.75
1640,13,2,1,0,0,16,0.8125
1641,14,1,1,0,0,16,0.875
1642,13,1,1,0,0,15,0.8666666666666667
1643,13,2,1,0,0,16,0.8125
1644,13,1,1,0,0,15,0.8666666666666667
1645,12,2,1,0,0,15,0.8
1646,10,1,1,0,0,12,0.8333333333333334
1647,12,2,1,0,0,15,0.8
1648,12,2,1,0,0,15,0.8
1649,10,1,1,0,0,12,0.8333333333333334
1650,14,2,1,0,0,17,0.8235294117647058
1651,12,2,1,0,0,15,0.8
1652,13,2,1,0,0,16,0.8125
1653,11,2,1,0,0,14,0.7857142857142857
1654,12,2,1,0,0,15,0.8
1655,12,2,1,0,0,15,0.8
1656,11,2,1,0,0,14,0.7857142857142857
1657,12,3,1,0,0,16,0.75
1658,13,2,1,0,0,16,0.8125
1659,14,2,1,0,0,17,0.8235294117647058
1660,12,2,1,0,0,15,0.8
1661,11,2,1,0,0,14,0.7857142857142857
1662,12,1,1,0,0,14,0.8571428571428571
1663,12,2,1,0,0,15,0.8
1664,12,2,1,0,0,15,0.8
1665,11,2,1,0,0,14,0.7857142857142857
1666,13,2,1,0,0,16,0.8125
1667,11,1,1,0,0,13,0.8461538461538461
1668,13,1,1,0,0,15,0.8666666666666667
1669,11,1,1,0,0,13,0.8461538461538461
1670,12,1,1,0,0,14,0.8571428571428571
1671,11,2,1,0,0,14,0.7857142857142857
1672,13,2,1,0,0,16,0.8125
1673,13,2,1,0,0,16,0.8125
1674,11,2,1,0,0,14,0.7857142857142857
1675,12,2,1,0,0,15,0.8
1676,14,2,1,0,0,17,0.8235294117647058
1677,13,2,1,0,0,16,0.8125
1678,12,2,1,0,0,15,0.8
1679,13,2,1,0,0,16,0.8125
1680,12,2,1,0,0,15,0.8
1681,12,2,1,0,0,15,0.8
1682,12,2,1,0,0,15,0.8
1683,12,2,1,0,0,15,0.8
1684,13,2,1,0,0,16,0.8125
1685,10,2,1,0,0,13,0.7692307692307693
1686,10,2,1,0,0,13,0.7692307692307693
1687,12,2,1,0,0,15,0.8
1688,11,1,1,0,0,13,0.8461538461538461
1689,12,2,1,0,0,15,0.8
1690,13,2,1,0,0,16,0.8125
1691,12,2,1,0,0,15,0.8
1692,13,2,1,0,0,16,0.8125
1693,11,2,1,0,0,14,0.7857142857142857
1694,12,2,1,0,0,15,0.8
1695,14,2,1,0,0,17,0.8235294117647058
1696,13,2,1,0,0,16,0.8125
1697,13,2,1,0,0,16,0.8125
1698,12,2,1,0,0,15,0.8
1699,11,2,1,0,0,14,0.7857142857142857
1700,12,1,1,0,0,14,0.8571428571428571
1701,12,2,1,0,0,15,0.8
1702,11,2,1,0,0,14,0.7857142857142857
1703,13,1,1,0,0,15,0.8666666666666667
1704,11,2,1,0,0,14,0.7857142857142857
1705,13,1,1,0,0,15,0.8666666666666667
1706,13,2,1,0,0,16,0.8125
1707,12,2,1,0,0,15,0.8
1708,13,1,1,0,0,15,0.8666666666666667
1709,12,2,1,0,0,15,0.8
1710,12,2,1,0,0,15,0.8
1711,12,2,1,0,0,15,0.8
1712,12,2,1,0,0,15,0.8
1713,12,2,1,0,0,15,0.8
1714,12,2,1,0,0,15,0.8
1715,14,1,1,0,0,16,0.875
1716,13,2,1,0,0,16,0.8125
1717,13,2,1,0,0,16,0.8125
1718,10,2,1,0,0,13,0.7692307692307693
1719,13,1,1,0,0,15,0.8666666666666667
1720,14,1,1,0,0,16,0.875
1721,12,1,1,0,0,14,0.8571428571428571
1722,12,2,1,0,0,15,0.8
1723,12,2,1,0,0,15,0.8
1724,12,2,1,0,0,15,0.8
1725,12,2,1,0,0,15,0.8
1726,12,1,1,0,0,14,0.8571428571428571
1727,12,2,1,0,0,15,0.8
1728,11,2,1,0,0,14,0.7857142857142857
1729,11,2,1,0,0,14,0.7857142857142857
1730,12,2,1,0,0,15,0.8
1731,12,2,1,0,0,15,0.8
1732,12,2,1,0,0,15,0.8
1733,11,2,1,0,0,14,0.7857142857142857
1734,13,2,1,0,0,16,0.8125
1735,14,2,1,0,0,17,0.8235294117647058
1736,12,1,1,0,0,14,0.8571428571428571
1737,12,2,1,0,0,15,0.8
1738,12,2,1,0,0,15,0.8
1739,11,2,1,0,0,14,0.7857142857142857
1740,12,2,1,0,0,15,0.8
1741,12,2,1,0,0,15,0.8
1742,11,2,1,0,0,14,0.7857142857142857
1743,15,2,1,0,0,18,0.8333333333333334
1744,12,2,1,0,0,15,0.8
1745,8,2,1,0,0,11,0.7272727272727273
1746,14,2,1,0,0,17,0.8235294117647058
1747,15,2,1,0,0,18,0.8333333333333334
1748,11,2,1,0,0,14,0.7857142857142857
1749,12,1,1,0,0,14,0.8571428571428571
1750,13,2,1,0,0,16,0.8125
1751,13,1,1,0,0,15,0.8666666666666667
1752,12,1,1,0,0,14,0.8571428571428571
1753,12,2,1,0,0,15,0.8
1754,12,2,1,0,0,15,0.8
1755,13,2,1,0,0,16,0.8125
1756,13,2,1,0,0,16,0.8125
1757,12,2,1,0,0,15,0.8
1758,11,1,1,0,0,13,0.8461538461538461
1759,11,2,1,0,0,14,0.7857142857142857
1760,11,2,1,0,0,14,0.7857142857142857
1761,13,2,1,0,0,16,0.8125
1762,13,2,1,0,0,16,0.8125
1763,12,3,1,0,0,16,0.75
1764,12,2,1,0,0,15,0.8
1765,11,2,1,0,0,14,0.7857142857142857
1766,13,2,1,0,0,16,0.8125
1767,11,0,1,0,0,12,0.9166666666666666
1768,13,2,1,0,0,16,0.8125
1769,11,2,1,0,0,14,0.7857142857142857
1770,13,1,1,0,0,15,0.8666666666666667
1771,13,2,1,0,0,16,0.8125
1772,12,2,1,0,0,15,0.8
1773,13,2,1,0,0,16,0.8125
1774,12,2,1,0,0,15,0.8
1775,13,1,1,0,0,15,0.8666666666666667
1776,12,3,2,0,0,17,0.7058823529411765
1777,13,2,1,0,0,16,0.8125
1778,11,2,1,0,0,14,0.7857142857142857
1779,12,2,1,0,0,15,0.8
1780,11,2,1,0,0,14,0.7857142857142857
1781,12,1,1,0,0,14,0.8571428571428571
1782,10,2,1,0,0,13,0.7692307692307693
1783,12,2,1,0,0,15,0.8
1784,13,1,1,0,0,15,0.8666666666666667
1785,13,2,1,0,0,16,0.8125
1786,13,3,1,0,0,17,0.7647058823529411
1787,13,2,1,0,0,16,0.8125
1788,13,2,1,0,0,16,0.8125
1789,11,2,1,0,0,14,0.7857142857142857
1790,13,1,1,0,0,15,0.8666666666666667
1791,11,2,1,0,0,14,0.7857142857142857
1792,13,2,1,0,0,16,0.8125
1793,13,3,1,0,0,17,0.7647058823529411
1794,14,2,1,0,0,17,0.8235294117647058
1795,12,1,1,0,0,14,0.8571428571428571
1796,13,2,1,0,0,16,0.8125
1797,14,2,1,0,0,17,0.8235294117647058
1798,13,2,1,0,0,16,0.8125
1799,12,2,1,0,0,15,0.8
1800,12,2,1,0,0,15,0.8
1801,12,2,0,0,0,14,0.8571428571428571
1802,13,2,1,0,0,16,0.8125
1803,12,2,1,0,0,15,0.8
1804,11,2,1,0,0,14,0.7857142857142857
1805,13,2,1,0,0,16,0.8125
1806,13,3,1,0,0,17,0.7647058823529411
1807,14,2,1,0,0,17,0.8235294117647058
1808,11,2,1,0,0,14,0.7857142857142857
1809,14,2,1,0,0,17,0.8235294117647058
1810,14,2,1,0,0,17,0.8235294117647058
1811,13,2,1,0,0,16,0.8125
1812,12,2,1,0,0,15,0.8
1813,12,2,1,0,0,15,0.8
1814,9,2,1,0,0,12,0.75
1815,13,2,1,0,0,16,0.8125
1816,13,2,1,0,0,16,0.8125
1817,13,2,1,0,0,16,0.8125
1818,13,0,1,0,0,14,0.9285714285714286
1819,13,2,1,0,0,16,0.8125
1820,12,2,1,0,0,15,0.8
1821,11,2,1,0,0,14,0.7857142857142857
1822,9,1,1,0,0,11,0.8181818181818182
1823,10,1,1,0,0,12,0.8333333333333334
1824,13,2,1,0,0,16,0.8125
1825,12,2,1,0,0,15,0.8
1826,14,2,1,0,0,17,0.8235294117647058
1827,12,0,1,0,0,13,0.9230769230769231
1828,12,2,1,0,0,15,0.8
1829,11,2,1,0,0,14,0.7857142857142857
1830,15,2,1,0,0,18,0.8333333333333334
1831,13,1,1,0,0,15,0.8666666666666667
1832,13,1,1,0,0,15,0.8666666666666667
1833,12,2,1,0,0,15,0.8
1834,11,1,1,0,0,13,0.8461538461538461
1835,12,0,1,0,0,13,0.9230769230769231
1836,13,2,1,0,0,16,0.8125
1837,13,2,1,0,0,16,0.8125
1838,14,1,1,0,0,16,0.875
1839,14,2,1,0,0,17,0.8235294117647058
1840,13,1,1,0,0,15,0.8666666666666667
1841,14,1,1,0,0,16,0.875
1842,12,1,1,0,0,14,0.8571428571428571
1843,14,2,1,0,0,17,0.8235294117647058
1844,13,2,1,0,0,16,0.8125
1845,11,2,1,0,0,14,0.7857142857142857
1846,13,1,1,0,0,15,0.8666666666666667
1847,12,1,1,0,0,14,0.8571428571428571
1848,13,1,1,0,0,15,0.8666666666666667
1849,13,2,1,0,0,16,0.8125
1850,13,2,1,0,0,16,0.8125
1851,13,2,1,0,0,16,0.8125
1852,12,2,1,0,0,15,0.8
1853,11,1,1,0,0,13,0.8461538461538461
1854,14,2,1,0,0,17,0.8235294117647058
1855,14,2,1,0,0,17,0.8235294117647058
1856,13,2,1,0,0,16,0.8125
1857,12,2,1,0,0,15,0.8
1858,11,2,0,0,0,13,0.8461538461538461
1859,13,2,1,0,0,16,0.8125
1860,11,3,1,0,0,15,0.7333333333333333
1861,12,2,1,0,0,15,0.8
1862,11,2,1,0,0,14,0.7857142857142857
1863,12,2,1,0,0,15,0.8
1864,12,2,1,0,0,15,0.8
1865,13,2,1,0,0,16,0.8125
1866,12,1,1,0,0,14,0.8571428571428571
1867,12,1,1,0,0,14,0.8571428571428571
1868,11,1,1,0,0,13,0.8461538461538461
1869,11,1,1,0,0,13,0.8461538461538461
1870,14,2,1,0,0,17,0.8235294117647058
1871,12,2,1,0,0,15,0.8
1872,12,2,1,0,0,15,0.8
1873,11,2,1,0,0,14,0.7857142857142857
1874,13,2,1,0,0,16,0.8125
1875,13,2,1,0,0,16,0.8125
1876,11,2,1,0,0,14,0.7857142857142857
1877,13,2,1,0,0,16,0.8125
1878,13,3,1,0,0,17,0.7647058823529411
1879,12,2,1,0,0,15,0.8
1880,13,0,1,0,0,14,0.9285714285714286
1881,13,3,1,0,0,17,0.7647058823529411
1882,13,2,1,0,0,16,0.8125
1883,13,2,1,0,0,16,0.8125
1884,11,3,1,0,0,15,0.7333333333333333
1885,14,1,1,0,0,16,0.875
1886,14,1,1,0,0,16,0.875
1887,14,1,1,0,0,16,0.875
1888,13,2,1,0,0,16,0.8125
1889,12,2,1,0,0,15,0.8
1890,14,1,1,0,0,16,0.875
1891,14,1,1,0,0,16,0.875
1892,10,1,1,0,0,12,0.8333333333333334
1893,11,2,1,0,0,14,0.7857142857142857
1894,13,3,1,0,0,17,0.7647058823529411
1895,12,2,2,0,0,16,0.75
1896,11,3,1,0,0,15,0.7333333333333333
1897,13,1,1,0,0,15,0.8666666666666667
1898,12,2,1,0,0,15,0.8
1899,14,1,1,0,0,16,0.875
1900,13,2,1,0,0,16,0.8125
1901,13,2,1,0,0,16,0.8125
1902,14,2,1,0,0,17,0.8235294117647058
1903,12,2,1,0,0,15,0.8
1904,11,2,1,0,0,14,0.7857142857142857
1905,12,1,1,0,0,14,0.8571428571428571
1906,12,2,1,0,0,15,0.8
1907,12,2,1,0,0,15,0.8
1908,12,2,1,0,0,15,0.8
1909,11,2,1,0,0,14,0.7857142857142857
1910,13,2,1,0,0,16,0.8125
1911,12,2,1,0,0,15,0.8
1912,13,2,1,0,0,16,0.8125
1913,12,2,1,0,0,15,0.8
1914,11,2,1,0,0,14,0.7857142857142857
1915,10,2,1,0,0,13,0.7692307692307693
1916,12,2,1,0,0,15,0.8
1917,13,1,1,0,0,15,0.8666666666666667
1918,10,1,1,0,0,12,0.8333333333333334
1919,14,2,1,0,0,17,0.8235294117647058
1920,12,2,1,0,0,15,0.8
1921,12,2,1,0,0,15,0.8
1922,12,2,1,0,0,15,0.8
1923,11,2,1,0,0,14,0.7857142857142857
1924,13,2,1,0,0,16,0.8125
1925,11,1,1,0,0,13,0.8461538461538461
1926,9,1,1,0,0,11,0.8181818181818182
1927,12,2,1,0,0,15,0.8
1928,12,1,1,0,0,14,0.8571428571428571
1929,10,2,1,0,0,13,0.7692307692307693
1930,13,2,1,0,0,16,0.8125
1931,13,2,1,0,0,16,0.8125
1932,13,1,1,0,0,15,0.8666666666666667
1933,11,0,1,0,0,12,0.9166666666666666
1934,11,1,1,0,0,13,0.8461538461538461
1935,12,2,1,0,0,15,0.8
1936,12,2,1,0,0,15,0.8
1937,13,1,1,0,0,15,0.8666666666666667
1938,13,2,1,0,0,16,0.8125
1939,12,1,1,0,0,14,0.8571428571428571
1940,11,1,1,0,0,13,0.8461538461538461
1941,12,1,1,0,0,14,0.8571428571428571
1942,13,2,1,0,0,16,0.8125
1943,12,2,1,0,0,15,0.8
1944,10,1,1,0,0,12,0.8333333333333334
1945,14,2,1,0,0,17,0.8235294117647058
1946,11,2,1,0,0,14,0.7857142857142857
1947,12,2,1,0,0,15,0.8
1948,12,2,1,0,0,15,0.8
1949,11,3,1,0,0,15,0.7333333333333333
1950,12,2,1,0,0,15,0.8
1951,12,2,1,0,0,15,0.8
1952,13,1,1,0,0,15,0.8666666666666667
1953,11,2,1,0,0,14,0.7857142857142857
1954,11,2,1,0,0,14,0.7857142857142857
1955,12,2,1,0,0,15,0.8
1956,13,1,1,0,0,15,0.8666666666666667
1957,12,1,1,0,0,14,0.8571428571428571
1958,11,2,1,0,0,14,0.7857142857142857
1959,13,2,1,0,0,16,0.8125
1960,9,2,1,0,0,12,0.75
1961,12,2,1,0,0,15,0.8
1962,11,2,1,0,0,14,0.7857142857142857
1963,10,2,1,0,0,13,0.7692307692307693
1964,12,2,1,0,0,15,0.8
1965,12,2,1,0,0,15,0.8
1966,12,2,0,0,0,14,0.8571428571428571
1967,12,2,1,0,0,15,0.8
1968,13,1,1,0,0,15,0.8666666666666667
1969,14,0,1,0,0,15,0.9333333333333333
1970,13,1,0,0,0,14,0.9285714285714286
1971,14,1,1,0,0,16,0.875
1972,14,1,1,0,0,16,0.875
1973,15,1,1,0,0,17,0.8823529411764706
1974,13,1,1,0,0,15,0.8666666666666667
1975,13,1,1,0,0,15,0.8666666666666667
1976,12,1,1,0,0,14,0.8571428571428571
1977,12,1,1,0,0,14,0.8571428571428571
1978,11,2,1,0,0,14,0.7857142857142857
1979,13,2,1,0,0,16,0.8125
1980,14,1,1,0,0,16,0.875
1981,14,1,0,0,0,15,0.9333333333333333
1982,13,1,1,0,0,15,0.8666666666666667
1983,15,2,1,0,0,18,0.8333333333333334
1984,12,3,2,0,0,17,0.7058823529411765
1985,14,1,1,0,0,16,0.875
1986,13,1,1,0,0,15,0.8666666666666667
1987,12,1,1,0,0,14,0.8571428571428571
1988,13,3,1,0,0,17,0.7647058823529411
1989,14,3,1,0,0,18,0.7777777777777778
1990,13,3,1,0,0,17,0.7647058823529411
1991,14,3,1,0,0,18,0.7777777777777778
1992,14,2,0,0,0,16,0.875
1993,15,1,1,0,0,17,0.8823529411764706
1994,14,1,1,0,0,16,0.875
1995,13,2,1,0,0,16,0.8125
1996,12,2,1,0,0,15,0.8
1997,12,2,1,0,0,15,0.8
1998,12,2,1,0,0,15,0.8
1999,14,2,1,0,0,17,0.8235294117647058
2000,12,2,1,0,0,15,0.8
2001,13,2,0,0,0,15,0.8666666666666667
2002,13,3,1,0,0,17,0.7647058823529411
2003,13,2,1,0,0,16,0.8125
2004,12,3,2,0,0,17,0.7058823529411765
2005,11,2,1,0,0,14,0.7857142857142857
2006,12,2,1,0,0,15,0.8
2007,13,2,1,0,0,16,0.8125
2008,11,3,1,0,0,15,0.7333333333333333
2009,11,2,1,0,0,14,0.7857142857142857
2010,12,3,1,0,0,16,0.75
2011,11,2,1,0,0,14,0.7857142857142857
2012,11,2,1,0,0,14,0.7857142857142857
2013,13,2,1,0,0,16,0.8125
2014,13,2,1,0,0,16,0.8125
2015,13,2,1,0,0,16,0.8125
2016,11,2,1,0,0,14,0.7857142857142857
2017,13,3,1,0,0,17,0.7647058823529411
2018,11,2,1,0,0,14,0.7857142857142857
2019,11,2,1,0,0,14,0.7857142857142857
2020,12,2,1,0,0,15,0.8
2021,13,2,1,0,0,16,0.8125
2022,13,2,1,0,0,16,0.8125
2023,11,2,1,0,0,14,0.7857142857142857
2024,13,2,1,0,0,16,0.8125
2025,11,2,1,0,0,14,0.7857142857142857
2026,12,2,1,0,0,15,0.8
2027,13,2,1,0,0,16,0.8125
2028,11,2,1,0,0,14,0.7857142857142857
2029,12,2,0,0,0,14,0.8571428571428571
2030,11,2,1,0,0,14,0.7857142857142857
2031,11,2,1,0,0,14,0.7857142857142857
2032,10,2,1,0,0,13,0.7692307692307693
2033,11,2,1,0,0,14,0.7857142857142857
2034,12,2,1,0,0,15,0.8
2035,15,1,1,0,0,17,0.8823529411764706
2036,14,0,1,0,0,15,0.9333333333333333
2037,12,2,1,0,0,15,0.8
2038,11,2,1,0,0,14,0.7857142857142857
2039,12,2,1,0,0,15,0.8
2040,11,2,1,0,0,14,0.7857142857142857
2041,11,0,1,0,0,12,0.9166666666666666
2042,13,2,1,0,0,16,0.8125
2043,11,2,0,0,0,13,0.8461538461538461
2044,13,1,1,0,0,15,0.8666666666666667
2045,14,1,1,0,0,16,0.875
2046,13,2,1,0,0,16,0.8125
2047,14,1,1,0,0,16,0.875
2048,13,0,1,0,0,14,0.9285714285714286
2049,12,1,1,0,0,14,0.8571428571428571
2050,13,2,1,0,0,16,0.8125
2051,12,1,1,0,0,14,0.8571428571428571
2052,14,1,1,0,0,16,0.875
2053,11,1,1,0,0,13,0.8461538461538461
2054,11,1,1,0,0,13,0.8461538461538461
2055,13,1,1,0,0,15,0.8666666666666667
2056,13,1,1,0,0,15,0.8666666666666667
2057,14,1,1,0,0,16,0.875
2058,11,1,1,0,0,13,0.8461538461538461
2059,14,1,1,0,0,16,0.875
2060,12,1,1,0,0,14,0.8571428571428571
2061,14,1,1,0,0,16,0.875
2062,14,1,1,0,0,16,0.875
2063,13,1,1,0,0,15,0.8666666666666667
2064,11,0,1,0,0,12,0.9166666666666666
2065,11,1,1,0,0,13,0.8461538461538461
2066,11,0,1,0,0,12,0.9166666666666666
2067,13,1,1,0,0,15,0.8666666666666667
2068,15,1,1,0,0,17,0.8823529411764706
2069,13,1,1,0,0,15,0.8666666666666667
2070,14,1,1,0,0,16,0.875
2071,11,1,1,0,0,13,0.8461538461538461
2072,13,1,1,0,0,15,0.8666666666666667
2073,13,1,1,0,0,15,0.8666666666666667
2074,11,1,1,0,0,13,0.8461538461538461
2075,12,1,1,0,0,14,0.8571428571428571
2076,12,1,1,0,0,14,0.8571428571428571
2077,11,1,1,0,0,13,0.8461538461538461
2078,14,1,1,0,0,16,0.875
2079,13,1,1,0,0,15,0.8666666666666667
2080,12,1,1,0,0,14,0.8571428571428571
2081,13,1,1,0,0,15,0.8666666666666667
2082,14,2,1,0,0,17,0.8235294117647058
2083,14,2,1,0,0,17,0.8235294117647058
2084,13,1,1,0,0,15,0.8666666666666667
2085,13,1,1,0,0,15,0.8666666666666667
2086,13,1,1,0,0,15,0.8666666666666667
2087,15,1,1,0,0,17,0.8823529411764706
2088,13,1,1,0,0,15,0.8666666666666667
2089,15,1,1,0,0,17,0.8823529411764706
2090,13,1,1,0,0,15,0.8666666666666667
2091,14,1,1,0,0,16,0.875
2092,12,1,1,0,0,14,0.8571428571428571
2093,13,1,1,0,0,15,0.8666666666666667
2094,14,1,1,0,0,16,0.875
2095,12,1,1,0,0,14,0.8571428571428571
2096,13,2,0,0,0,15,0.8666666666666667
2097,14,1,1,0,0,16,0.875
2098,14,1,1,0,0,16,0.875
2099,14,2,1,0,0,17,0.8235294117647058
2100,14,1,1,0,0,16,0.875
2101,14,1,1,0,0,16,0.875
2102,13,1,1,0,0,15,0.8666666666666667
2103,13,2,1,0,0,16,0.8125
2104,14,1,1,0,0,16,0.875
2105,13,0,1,0,0,14,0.9285714285714286
2106,14,1,1,0,0,16,0.875
2107,12,1,1,0,0,14,0.8571428571428571
2108,13,1,1,0,0,15,0.8666666666666667
2109,14,2,1,0,0,17,0.8235294117647058
2110,13,1,1,0,0,15,0.8666666666666667
2111,13,1,1,0,0,15,0.8666666666666667
2112,12,2,1,0,0,15,0.8
2113,14,1,1,0,0,16,0.875
2114,14,1,1,0,0,16,0.875
2115,13,1,1,0,0,15,0.8666666666666667
2116,14,2,1,0,0,17,0.8235294117647058
2117,14,1,1,0,0,16,0.875
2118,14,1,1,0,0,16,0.875
2119,14,1,1,0,0,16,0.875
2120,13,1,1,0,0,15,0.8666666666666667
2121,14,2,1,0,0,17,0.8235294117647058
2122,14,2,1,0,0,17,0.8235294117647058
2123,14,3,1,0,0,18,0.7777777777777778
2124,14,1,1,0,0,16,0.875
2125,14,1,1,0,0,16,0.875
2126,15,2,1,0,0,18,0.8333333333333334
2127,15,2,1,0,0,18,0.8333333333333334
2128,15,2,1,0,0,18,0.8333333333333334
2129,12,1,1,0,0,14,0.8571428571428571
2130,13,2,1,0,0,16,0.8125
2131,13,2,1,0,0,16,0.8125
2132,12,1,1,0,0,14,0.8571428571428571
2133,13,2,0,0,0,15,0.8666666666666667
2134,13,1,1,0,0,15,0.8666666666666667
2135,14,1,1,0,0,16,0.875
2136,14,0,1,0,0,15,0.9333333333333333
2137,13,1,1,0,0,15,0.8666666666666667
2138,13,1,1,0,0,15,0.8666666666666667
2139,12,1,1,0,0,14,0.8571428571428571
2140,14,1,1,0,0,16,0.875
2141,13,2,1,0,0,16,0.8125
2142,14,1,1,0,0,16,0.875
2143,15,1,1,0,0,17,0.8823529411764706
2144,15,1,1,0,0,17,0.8823529411764706
2145,13,1,1,0,0,15,0.8666666666666667
2146,15,1,1,0,0,17,0.8823529411764706
2147,14,1,1,0,0,16,0.875
2148,14,1,1,0,0,16,0.875
2149,14,1,1,0,0,16,0.875
2150,14,2,1,0,0,17,0.8235294117647058
2151,13,1,1,0,0,15,0.8666666666666667
2152,14,1,1,0,0,16,0.875
2153,14,1,1,0,0,16,0.875
2154,12,1,1,0,0,14,0.8571428571428571
2155,14,1,1,0,0,16,0.875
2156,13,1,1,0,0,15,0.8666666666666667
2157,14,1,1,0,0,16,0.875
2158,14,1,1,0,0,16,0.875
2159,15,1,1,0,0,17,0.8823529411764706
2160,13,1,1,0,0,15,0.8666666666666667
2161,13,1,1,0,0,15,0.8666666666666667
2162,13,1,1,0,0,15,0.8666666666666667
2163,13,2,1,0,0,16,0.8125
2164,14,1,1,0,0,16,0.875
2165,13,2,1,0,0,16,0.8125
2166,14,1,1,0,0,16,0.875
2167,14,2,1,0,0,17,0.8235294117647058
2168,13,2,1,0,0,16,0.8125
2169,14,1,1,0,0,16,0.875
2170,13,1,1,0,0,15,0.8666666666666667
2171,14,2,1,0,0,17,0.8235294117647058
2172,15,2,1,0,0,18,0.8333333333333334
2173,14,3,1,0,0,18,0.7777777777777778
2174,13,1,1,0,0,15,0.8666666666666667
2175,13,1,1,0,0,15,0.8666666666666667
2176,13,1,1,0,0,15,0.8666666666666667
2177,14,1,1,0,0,16,0.875
2178,13,1,1,0,0,15,0.8666666666666667
2179,12,1,1,0,0,14,0.8571428571428571
2180,13,1,1,0,0,15,0.8666666666666667
2181,14,1,1,0,0,16,0.875
2182,13,1,1,0,0,15,0.8666666666666667
2183,12,2,1,0,0,15,0.8
2184,13,1,1,0,0,15,0.8666666666666667
2185,11,1,1,0,0,13,0.8461538461538461
2186,14,1,1,0,0,16,0.875
2187,14,1,1,0,0,16,0.875
2188,14,1,1,0,0,16,0.875
2189,13,1,1,0,0,15,0.8666666666666667
2190,13,1,1,0,0,15,0.8666666666666667
2191,14,3,1,0,0,18,0.7777777777777778
2192,14,1,1,0,0,16,0.875
2193,15,3,1,0,0,19,0.7894736842105263
2194,13,1,1,0,0,15,0.8666666666666667
2195,15,2,1,0,0,18,0.8333333333333334
2196,14,2,1,0,0,17,0.8235294117647058
2197,15,0,1,0,0,16,0.9375
2198,13,2,1,0,0,16,0.8125
2199,13,1,1,0,0,15,0.8666666666666667
2200,13,1,1,0,0,15,0.8666666666666667
2201,14,1,1,0,0,16,0.875
2202,13,1,1,0,0,15,0.8666666666666667
2203,12,2,1,0,0,15,0.8
2204,13,2,1,0,0,16,0.8125
2205,14,1,1,0,0,16,0.875
2206,14,2,1,0,0,17,0.8235294117647058
2207,14,1,1,0,0,16,0.875
2208,14,1,1,0,0,16,0.875
2209,15,1,1,0,0,17,0.8823529411764706
2210,13,2,1,0,0,16,0.8125
2211,12,2,1,0,0,15,0.8
2212,14,1,1,0,0,16,0.875
2213,14,1,1,0,0,16,0.875
2214,12,1,1,0,0,14,0.8571428571428571
2215,14,1,1,0,0,16,0.875
2216,11,1,1,0,0,13,0.8461538461538461
2217,15,1,1,0,0,17,0.8823529411764706
2218,12,1,1,0,0,14,0.8571428571428571
2219,13,1,1,0,0,15,0.8666666666666667
2220,13,1,1,0,0,15,0.8666666666666667
2221,11,1,1,0,0,13,0.8461538461538461
2222,14,2,1,0,0,17,0.8235294117647058
2223,15,1,1,0,0,17,0.8823529411764706
2224,13,1,1,0,0,15,0.8666666666666667
2225,13,1,1,0,0,15,0.8666666666666667
2226,12,2,1,0,0,15,0.8
2227,13,2,1,0,0,16,0.8125
2228,13,2,1,0,0,16,0.8125
2229,14,1,1,0,0,16,0.875
2230,12,1,1,0,0,14,0.8571428571428571
2231,13,1,1,0,0,15,0.8666666666666667
2232,14,2,1,0,0,17,0.8235294117647058
2233,14,2,1,0,0,17,0.8235294117647058
2234,14,1,1,0,0,16,0.875
2235,14,1,1,0,0,16,0.875
2236,14,1,1,0,0,16,0.875
2237,14,1,1,0,0,16,0.875
2238,13,1,1,0,0,15,0.8666666666666667
2239,14,2,1,0,0,17,0.8235294117647058
2240,14,1,1,0,0,16,0.875
2241,12,1,1,0,0,14,0.8571428571428571
2242,12,1,1,0,0,14,0.8571428571428571
2243,13,1,1,0,0,15,0.8666666666666667
2244,14,3,1,0,0,18,0.7777777777777778
2245,13,2,1,0,0,16,0.8125
2246,13,2,1,0,0,16,0.8125
2247,11,1,1,0,0,13,0.8461538461538461
2248,12,2,1,0,0,15,0.8
2249,14,2,1,0,0,17,0.8235294117647058
2250,13,1,1,0,0,15,0.8666666666666667
2251,12,2,1,0,0,15,0.8
2252,12,2,1,0,0,15,0.8
2253,14,1,1,0,0,16,0.875
2254,11,2,1,0,0,14,0.7857142857142857
2255,13,1,1,0,0,15,0.8666666666666667
2256,13,1,1,0,0,15,0.8666666666666667
2257,13,1,1,0,0,15,0.8666666666666667
2258,11,1,1,0,0,13,0.8461538461538461
2259,12,1,1,0,0,14,0.8571428571428571
2260,13,1,1,0,0,15,0.8666666666666667
2261,13,1,1,0,0,15,0.8666666666666667
2262,14,1,1,0,0,16,0.875
2263,13,1,1,0,0,15,0.8666666666666667
2264,13,1,1,0,0,15,0.8666666666666667
2265,13,1,1,0,0,15,0.8666666666666667
2266,13,2,1,0,0,16,0.8125
2267,14,2,1,0,0,17,0.8235294117647058
2268,14,1,1,0,0,16,0.875
2269,13,2,1,0,0,16,0.8125
2270,13,1,1,0,0,15,0.8666666666666667
2271,14,1,1,0,0,16,0.875
2272,12,1,1,0,0,14,0.8571428571428571
2273,14,1,1,0,0,16,0.875
2274,14,1,1,0,0,16,0.875
2275,15,2,1,0,0,18,0.8333333333333334
2276,11,2,1,0,0,14,0.7857142857142857
2277,12,2,1,0,0,15,0.8
2278,14,3,1,0,0,18,0.7777777777777778
2279,13,1,1,0,0,15,0.8666666666666667
2280,11,1,1,0,0,13,0.8461538461538461
2281,12,0,1,0,0,13,0.9230769230769231
2282,14,1,1,0,0,16,0.875
2283,14,1,1,0,0,16,0.875
2284,13,1,1,0,0,15,0.8666666666666667
2285,14,1,1,0,0,16,0.875
2286,13,1,1,0,0,15,0.8666666666666667
2287,15,1,1,0,0,17,0.8823529411764706
2288,14,1,1,0,0,16,0.875
2289,13,2,1,0,0,16,0.8125
2290,15,1,1,0,0,17,0.8823529411764706
2291,13,1,1,0,0,15,0.8666666666666667
2292,14,2,1,0,0,17,0.8235294117647058
2293,15,1,1,0,0,17,0.8823529411764706
2294,14,1,1,0,0,16,0.875
2295,14,2,1,0,0,17,0.8235294117647058
2296,12,2,1,0,0,15,0.8
2297,13,1,1,0,0,15,0.8666666666666667
2298,15,2,1,0,0,18,0.8333333333333334
2299,12,1,1,0,0,14,0.8571428571428571
2300,13,2,1,0,0,16,0.8125
2301,15,2,1,0,0,18,0.8333333333333334
2302,14,1,1,0,0,16,0.875
2303,11,3,1,0,0,15,0.7333333333333333
2304,11,2,1,0,0,14,0.7857142857142857
2305,13,2,1,0,0,16,0.8125
2306,15,1,1,0,0,17,0.8823529411764706
2307,14,1,1,0,0,16,0.875
2308,15,1,1,0,0,17,0.8823529411764706
2309,14,1,1,0,0,16,0.875
2310,11,1,1,0,0,13,0.8461538461538461
2311,13,1,1,0,0,15,0.8666666666666667
2312,12,2,1,0,0,15,0.8
2313,13,1,1,0,0,15,0.8666666666666667
2314,11,2,1,0,0,14,0.7857142857142857
2315,15,1,1,0,0,17,0.8823529411764706
2316,14,1,1,0,0,16,0.875
2317,13,1,1,0,0,15,0.8666666666666667
2318,12,2,1,0,0,15,0.8
2319,14,1,1,0,0,16,0.875
2320,14,2,1,0,0,17,0.8235294117647058
2321,14,1,1,0,0,16,0.875
2322,15,2,1,0,0,18,0.8333333333333334
2323,14,2,1,0,0,17,0.8235294117647058
2324,14,1,1,0,0,16,0.875
2325,14,1,1,0,0,16,0.875
2326,13,1,1,0,0,15,0.8666666666666667
2327,13,2,1,0,0,16,0.8125
2328,13,1,1,0,0,15,0.8666666666666667
2329,14,1,1,0,0,16,0.875
2330,14,3,1,0,0,18,0.7777777777777778
2331,14,1,1,0,0,16,0.875
2332,14,2,1,0,0,17,0.8235294117647058
2333,15,1,1,0,0,17,0.8823529411764706
2334,14,1,1,0,0,16,0.875
2335,14,1,1,0,0,16,0.875
2336,13,1,1,0,0,15,0.8666666666666667
2337,14,1,1,0,0,16,0.875
2338,15,1,1,0,0,17,0.8823529411764706
2339,14,2,1,0,0,17,0.8235294117647058
2340,13,1,1,0,0,15,0.8666666666666667
2341,12,1,1,0,0,14,0.8571428571428571
2342,14,1,1,0,0,16,0.875
2343,13,2,1,0,0,16,0.8125
2344,13,1,1,0,0,15,0.8666666666666667
2345,14,1,1,0,0,16,0.875
2346,14,1,1,0,0,16,0.875
2347,14,1,1,0,0,16,0.875
2348,13,2,1,0,0,16,0.8125
2349,13,2,1,0,0,16,0.8125
2350,14,2,1,0,0,17,0.8235294117647058
2351,12,2,1,0,0,15,0.8
2352,11,2,1,0,0,14,0.7857142857142857
2353,12,2,1,0,0,15,0.8
2354,12,2,1,0,0,15,0.8
2355,13,2,1,0,0,16,0.8125
2356,13,2,1,0,0,16,0.8125
2357,12,2,1,0,0,15,0.8
2358,13,3,1,0,0,17,0.7647058823529411
2359,12,2,0,0,0,14,0.8571428571428571
2360,10,2,1,0,0,13,0.7692307692307693
2361,13,2,1,0,0,16,0.8125
2362,13,3,1,0,0,17,0.7647058823529411
2363,13,3,1,0,0,17,0.7647058823529411
2364,13,2,1,0,0,16,0.8125
2365,14,3,1,0,0,18,0.7777777777777778
2366,13,2,1,0,0,16,0.8125
2367,13,2,1,0,0,16,0.8125
2368,13,2,1,0,0,16,0.8125
2369,13,2,1,0,0,16,0.8125
2370,13,2,1,0,0,16,0.8125
2371,12,2,1,0,0,15,0.8
2372,13,2,1,0,0,16,0.8125
2373,13,2,1,0,0,16,0.8125
2374,13,2,1,0,0,16,0.8125
2375,13,2,1,0,0,16,0.8125
2376,12,2,1,0,0,15,0.8
2377,13,2,1,0,0,16,0.8125
2378,14,2,1,0,0,17,0.8235294117647058
2379,14,2,1,0,0,17,0.8235294117647058
2380,13,2,1,0,0,16,0.8125
2381,14,2,1,0,0,17,0.8235294117647058
2382,11,2,1,0,0,14,0.7857142857142857
2383,14,3,1,0,0,18,0.7777777777777778
2384,11,2,1,0,0,14,0.7857142857142857
2385,12,2,1,0,0,15,0.8
2386,13,2,1,0,0,16,0.8125
2387,12,1,1,0,0,14,0.8571428571428571
2388,12,2,1,0,0,15,0.8
2389,11,2,1,0,0,14,0.7857142857142857
2390,13,2,1,0,0,16,0.8125
2391,13,2,1,0,0,16,0.8125
2392,12,1,1,0,0,14,0.8571428571428571
2393,13,1,1,0,0,15,0.8666666666666667
2394,12,2,1,0,0,15,0.8
2395,13,1,1,0,0,15,0.8666666666666667
2396,12,2,1,0,0,15,0.8
2397,11,2,2,0,0,15,0.7333333333333333
2398,13,2,1,0,0,16,0.8125
2399,13,3,1,0,0,17,0.7647058823529411
2400,14,2,1,0,0,17,0.8235294117647058
2401,12,1,1,0,0,14,0.8571428571428571
2402,12,2,1,0,0,15,0.8
2403,13,2,1,0,0,16,0.8125
2404,15,0,1,0,0,16,0.9375
2405,13,2,1,0,0,16,0.8125
2406,12,2,1,0,0,15,0.8
2407,13,1,1,0,0,15,0.8666666666666667
2408,12,2,1,0,0,15,0.8
2409,13,2,1,0,0,16,0.8125
2410,13,2,1,0,0,16,0.8125
2411,12,2,1,0,0,15,0.8
2412,13,2,1,0,0,16,0.8125
2413,13,2,1,0,0,16,0.8125
2414,14,2,1,0,0,17,0.8235294117647058
2415,14,1,1,0,0,16,0.875
2416,13,2,1,0,0,16,0.8125
2417,13,2,1,0,0,16,0.8125
2418,12,2,1,0,0,15,0.8
2419,14,2,1,0,0,17,0.8235294117647058
2420,13,2,1,0,0,16,0.8125
2421,13,2,1,0,0,16,0.8125
2422,14,2,1,0,0,17,0.8235294117647058
2423,14,2,1,0,0,17,0.8235294117647058
2424,13,2,1,0,0,16,0.8125
2425,13,2,1,0,0,16,0.8125
2426,12,2,1,0,0,15,0.8
2427,15,2,1,0,0,18,0.8333333333333334
2428,14,2,1,0,0,17,0.8235294117647058
2429,12,2,1,0,0,15,0.8
2430,13,2,1,0,0,16,0.8125
2431,12,2,1,0,0,15,0.8
2432,13,2,1,0,0,16,0.8125
2433,13,2,1,0,0,16,0.8125
2434,13,2,1,0,0,16,0.8125
2435,12,2,1,0,0,15,0.8
2436,13,2,1,0,0,16,0.8125
2437,13,2,1,0,0,16,0.8125
2438,13,2,1,0,0,16,0.8125
2439,13,2,1,0,0,16,0.8125
2440,12,2,1,0,0,15,0.8
2441,13,2,1,0,0,16,0.8125
2442,13,2,1,0,0,16,0.8125
2443,12,2,1,0,0,15,0.8
2444,13,2,1,0,0,16,0.8125
2445,12,2,1,0,0,15,0.8
2446,11,2,1,0,0,14,0.7857142857142857
2447,12,2,1,0,0,15,0.8
2448,14,2,1,0,0,17,0.8235294117647058
2449,11,2,1,0,0,14,0.7857142857142857
2450,11,2,1,0,0,14,0.7857142857142857
2451,12,2,1,0,0,15,0.8
2452,12,2,1,0,0,15,0.8
2453,13,2,1,0,0,16,0.8125
2454,12,2,1,0,0,15,0.8
2455,13,2,1,0,0,16,0.8125
2456,14,2,1,0,0,17,0.8235294117647058
2457,11,2,1,0,0,14,0.7857142857142857
2458,13,2,1,0,0,16,0.8125
2459,13,2,1,0,0,16,0.8125
2460,12,2,1,0,0,15,0.8
2461,12,2,1,0,0,15,0.8
2462,12,2,1,0,0,15,0.8
2463,12,2,1,0,0,15,0.8
2464,12,2,1,0,0,15,0.8
2465,14,2,1,0,0,17,0.8235294117647058
2466,13,2,1,0,0,16,0.8125
2467,13,2,1,0,0,16,0.8125
2468,13,2,1,0,0,16,0.8125
2469,11,2,1,0,0,14,0.7857142857142857
2470,12,2,1,0,0,15,0.8
2471,12,2,1,0,0,15,0.8
2472,13,2,1,0,0,16,0.8125
2473,13,2,1,0,0,16,0.8125
2474,12,2,1,0,0,15,0.8
2475,14,2,1,0,0,17,0.8235294117647058
2476,13,2,1,0,0,16,0.8125
2477,12,2,1,0,0,15,0.8
2478,12,2,1,0,0,15,0.8
2479,13,2,1,0,0,16,0.8125
2480,11,2,1,0,0,14,0.7857142857142857
2481,12,2,1,0,0,15,0.8
2482,13,2,1,0,0,16,0.8125
2483,14,2,1,0,0,17,0.8235294117647058
2484,12,2,1,0,0,15,0.8
2485,13,2,1,0,0,16,0.8125
2486,12,2,1,0,0,15,0.8
2487,12,2,1,0,0,15,0.8
2488,13,2,1,0,0,16,0.8125
2489,12,2,1,0,0,15,0.8
2490,12,2,1,0,0,15,0.8
2491,11,2,1,0,0,14,0.7857142857142857
2492,13,2,1,0,0,16,0.8125
2493,12,2,1,0,0,15,0.8
2494,13,2,1,0,0,16,0.8125
2495,12,2,1,0,0,15,0.8
2496,12,2,1,0,0,15,0.8
2497,12,2,1,0,0,15,0.8
2498,13,2,1,0,0,16,0.8125
2499,13,2,1,0,0,16,0.8125
2500,13,2,1,0,0,16,0.8125
2501,13,2,1,0,0,16,0.8125
2502,12,2,1,0,0,15,0.8
2503,14,2,1,0,0,17,0.8235294117647058
2504,12,2,1,0,0,15,0.8
2505,13,2,1,0,0,16,0.8125
2506,11,2,1,0,0,14,0.7857142857142857
2507,11,2,1,0,0,14,0.7857142857142857
2508,13,2,1,0,0,16,0.8125
2509,12,2,1,0,0,15,0.8
2510,13,2,1,0,0,16,0.8125
2511,13,2,1,0,0,16,0.8125
2512,13,2,1,0,0,16,0.8125
2513,14,2,1,0,0,17,0.8235294117647058
2514,13,2,1,0,0,16,0.8125
2515,12,2,1,0,0,15,0.8
2516,12,2,1,0,0,15,0.8
2517,12,2,1,0,0,15,0.8
2518,13,2,1,0,0,16,0.8125
2519,13,2,1,0,0,16,0.8125
2520,13,2,1,0,0,16,0.8125
2521,13,2,1,0,0,16,0.8125
2522,13,2,1,0,0,16,0.8125
2523,13,2,1,0,0,16,0.8125
2524,14,2,1,0,0,17,0.8235294117647058
2525,14,2,1,0,0,17,0.8235294117647058
2526,14,2,1,0,0,17,0.8235294117647058
2527,13,2,1,0,0,16,0.8125
2528,13,2,1,0,0,16,0.8125
2529,14,2,1,0,0,17,0.8235294117647058
2530,14,2,1,0,0,17,0.8235294117647058
2531,13,2,1,0,0,16,0.8125
2532,14,2,1,0,0,17,0.8235294117647058
2533,12,2,1,0,0,15,0.8
2534,12,2,1,0,0,15,0.8
2535,13,2,1,0,0,16,0.8125
2536,14,2,1,0,0,17,0.8235294117647058
2537,11,2,1,0,0,14,0.7857142857142857
2538,14,2,1,0,0,17,0.8235294117647058
2539,11,1,1,0,0,13,0.8461538461538461
2540,13,2,1,0,0,16,0.8125
2541,12,2,1,0,0,15,0.8
2542,12,2,1,0,0,15,0.8
2543,13,2,1,0,0,16,0.8125
2544,13,1,1,0,0,15,0.8666666666666667
2545,11,2,1,0,0,14,0.7857142857142857
2546,13,2,1,0,0,16,0.8125
2547,13,1,1,0,0,15,0.8666666666666667
2548,11,1,1,0,0,13,0.8461538461538461
2549,13,2,1,0,0,16,0.8125
2550,13,2,1,0,0,16,0.8125
2551,13,2,1,0,0,16,0.8125
2552,14,2,1,0,0,17,0.8235294117647058
2553,13,1,1,0,0,15,0.8666666666666667
2554,12,2,1,0,0,15,0.8
2555,14,2,1,0,0,17,0.8235294117647058
2556,12,0,1,0,0,13,0.9230769230769231
2557,14,1,1,0,0,16,0.875
2558,13,2,1,0,0,16,0.8125
2559,13,1,1,0,0,15,0.8666666666666667
2560,12,2,1,0,0,15,0.8
2561,14,3,1,0,0,18,0.7777777777777778
2562,11,2,1,0,0,14,0.7857142857142857
2563,13,1,1,0,0,15,0.8666666666666667
2564,13,1,1,0,0,15,0.8666666666666667
2565,13,2,1,0,0,16,0.8125
2566,12,2,1,0,0,15,0.8
2567,13,2,1,0,0,16,0.8125
2568,12,1,1,0,0,14,0.8571428571428571
2569,13,0,1,0,0,14,0.9285714285714286
2570,12,0,1,0,0,13,0.9230769230769231
2571,13,0,1,0,0,14,0.9285714285714286
2572,12,1,1,0,0,14,0.8571428571428571
2573,11,0,1,0,0,12,0.9166666666666666
2574,11,2,1,0,0,14,0.7857142857142857
2575,13,1,1,0,0,15,0.8666666666666667
2576,12,2,1,0,0,15,0.8
2577,11,0,1,0,0,12,0.9166666666666666
2578,14,2,1,0,0,17,0.8235294117647058
2579,12,2,1,0,0,15,0.8
2580,14,1,1,0,0,16,0.875
2581,13,3,1,0,0,17,0.7647058823529411
2582,13,3,1,0,0,17,0.7647058823529411
2583,12,1,1,0,0,14,0.8571428571428571
2584,12,2,1,0,0,15,0.8
2585,14,1,1,0,0,16,0.875
2586,12,1,1,0,0,14,0.8571428571428571
2587,14,2,1,0,0,17,0.8235294117647058
2588,13,2,1,0,0,16,0.8125
2589,13,2,1,0,0,16,0.8125
2590,12,2,1,0,0,15,0.8
2591,13,1,1,0,0,15,0.8666666666666667
2592,12,1,1,0,0,14,0.8571428571428571
2593,13,3,1,0,0,17,0.7647058823529411
2594,13,2,1,0,0,16,0.8125
2595,11,1,1,0,0,13,0.8461538461538461
2596,12,0,1,0,0,13,0.9230769230769231
2597,10,1,1,0,0,12,0.8333333333333334
2598,10,0,1,0,0,11,0.9090909090909091
2599,12,1,1,0,0,14,0.8571428571428571
2600,9,2,1,0,0,12,0.75
2601,11,2,1,0,0,14,0.7857142857142857
2602,11,1,1,0,0,13,0.8461538461538461
2603,13,2,1,0,0,16,0.8125
2604,13,3,1,0,0,17,0.7647058823529411
2605,11,3,1,0,0,15,0.7333333333333333
2606,13,2,1,0,0,16,0.8125
2607,12,2,1,0,0,15,0.8
2608,13,2,1,0,0,16,0.8125
2609,12,1,1,0,0,14,0.8571428571428571
2610,12,2,1,0,0,15,0.8
2611,12,1,1,0,0,14,0.8571428571428571
2612,11,1,1,0,0,13,0.8461538461538461
2613,11,0,1,0,0,12,0.9166666666666666
2614,14,2,1,0,0,17,0.8235294117647058
2615,11,2,1,0,0,14,0.7857142857142857
2616,11,0,1,0,0,12,0.9166666666666666
2617,8,1,1,0,0,10,0.8
2618,12,2,1,0,0,15,0.8
2619,12,1,1,0,0,14,0.8571428571428571
2620,12,1,1,0,0,14,0.8571428571428571
2621,11,1,1,0,0,13,0.8461538461538461
2622,12,2,1,0,0,15,0.8
2623,11,1,1,0,0,13,0.8461538461538461
2624,11,2,1,0,0,14,0.7857142857142857
2625,13,1,1,0,0,15,0.8666666666666667
2626,13,3,1,0,0,17,0.7647058823529411
2627,12,2,1,0,0,15,0.8
2628,11,2,1,0,0,14,0.7857142857142857
2629,11,2,1,0,0,14,0.7857142857142857
2630,12,3,1,0,0,16,0.75
2631,10,1,1,0,0,12,0.8333333333333334
2632,9,1,1,0,0,11,0.8181818181818182
2633,12,2,1,0,0,15,0.8
2634,12,2,1,0,0,15,0.8
2635,10,2,1,0,0,13,0.7692307692307693
2636,14,2,1,0,0,17,0.8235294117647058
2637,14,2,1,0,0,17,0.8235294117647058
2638,11,3,1,0,0,15,0.7333333333333333
2639,13,2,1,0,0,16,0.8125
2640,13,3,1,0,0,17,0.7647058823529411
2641,13,2,1,0,0,16,0.8125
2642,14,2,1,0,0,17,0.8235294117647058
2643,11,3,1,0,0,15,0.7333333333333333
2644,12,2,1,0,0,15,0.8
2645,12,2,1,0,0,15,0.8
2646,12,2,1,0,0,15,0.8
2647,13,2,1,0,0,16,0.8125
2648,12,2,1,0,0,15,0.8
2649,13,3,1,0,0,17,0.7647058823529411
2650,12,2,1,0,0,15,0.8
2651,11,2,1,0,0,14,0.7857142857142857
2652,13,2,1,0,0,16,0.8125
2653,14,3,1,0,0,18,0.7777777777777778
2654,11,3,1,0,0,15,0.7333333333333333
2655,13,3,1,0,0,17,0.7647058823529411
2656,13,2,1,0,0,16,0.8125
2657,11,2,1,0,0,14,0.7857142857142857
2658,13,3,1,0,0,17,0.7647058823529411
2659,12,2,1,0,0,15,0.8
2660,12,3,1,0,0,16,0.75
2661,12,2,1,0,0,15,0.8
2662,12,3,1,0,0,16,0.75
2663,11,2,1,0,0,14,0.7857142857142857
2664,13,3,1,0,0,17,0.7647058823529411
2665,13,3,1,0,0,17,0.7647058823529411
2666,12,2,1,0,0,15,0.8
2667,12,1,1,0,0,14,0.8571428571428571
2668,13,3,1,0,0,17,0.7647058823529411
2669,14,2,1,0,0,17,0.8235294117647058
2670,13,2,1,0,0,16,0.8125
2671,13,2,1,0,0,16,0.8125
2672,13,2,1,0,0,16,0.8125
2673,14,2,1,0,0,17,0.8235294117647058
2674,13,2,1,0,0,16,0.8125
2675,12,2,1,0,0,15,0.8
2676,14,3,1,0,0,18,0.7777777777777778
2677,12,3,1,0,0,16,0.75
2678,13,2,1,0,0,16,0.8125
2679,14,3,1,0,0,18,0.7777777777777778
2680,13,2,1,0,0,16,0.8125
2681,13,3,1,0,0,17,0.7647058823529411
2682,13,2,1,0,0,16,0.8125
2683,13,3,1,0,0,17,0.7647058823529411
2684,12,2,1,0,0,15,0.8
2685,11,2,1,0,0,14,0.7857142857142857
2686,9,3,1,0,0,13,0.6923076923076923
2687,14,3,1,0,0,18,0.7777777777777778
2688,12,2,1,0,0,15,0.8
2689,13,2,1,0,0,16,0.8125
2690,12,3,1,0,0,16,0.75
2691,13,3,1,0,0,17,0.7647058823529411
2692,13,2,1,0,0,16,0.8125
2693,14,3,1,0,0,18,0.7777777777777778
2694,12,3,1,0,0,16,0.75
2695,13,2,1,0,0,16,0.8125
2696,12,2,1,0,0,15,0.8
2697,12,3,1,0,0,16,0.75
2698,12,2,1,0,0,15,0.8
2699,12,2,1,0,0,15,0.8
2700,12,2,1,0,0,15,0.8
2701,13,2,1,0,0,16,0.8125
2702,13,2,1,0,0,16,0.8125
2703,12,2,1,0,0,15,0.8
2704,11,2,1,0,0,14,0.7857142857142857
2705,12,3,1,0,0,16,0.75
2706,12,2,1,0,0,15,0.8
2707,13,2,1,0,0,16,0.8125
2708,12,2,1,0,0,15,0.8
2709,13,3,1,0,0,17,0.7647058823529411
2710,13,2,1,0,0,16,0.8125
2711,13,2,1,0,0,16,0.8125
2712,13,2,1,0,0,16,0.8125
2713,13,2,1,0,0,16,0.8125
2714,13,3,1,0,0,17,0.7647058823529411
2715,13,2,1,0,0,16,0.8125
2716,12,2,1,0,0,15,0.8
2717,12,2,1,0,0,15,0.8
2718,12,3,1,0,0,16,0.75
2719,13,2,1,0,0,16,0.8125
2720,12,2,1,0,0,15,0.8
2721,14,2,1,0,0,17,0.8235294117647058
2722,13,1,1,0,0,15,0.8666666666666667
2723,14,2,1,0,0,17,0.8235294117647058
2724,12,3,1,0,0,16,0.75
2725,13,1,1,0,0,15,0.8666666666666667
2726,13,3,1,0,0,17,0.7647058823529411
2727,12,2,1,0,0,15,0.8
2728,11,2,1,0,0,14,0.7857142857142857
2729,11,2,1,0,0,14,0.7857142857142857
2730,13,2,1,0,0,16,0.8125
2731,13,2,1,0,0,16,0.8125
2732,13,2,1,0,0,16,0.8125
2733,12,3,1,0,0,16,0.75
2734,13,2,1,0,0,16,0.8125
2735,13,2,1,0,0,16,0.8125
2736,12,2,1,0,0,15,0.8
2737,13,2,1,0,0,16,0.8125
2738,14,2,1,0,0,17,0.8235294117647058
2739,13,1,1,0,0,15,0.8666666666666667
2740,13,2,1,0,0,16,0.8125
2741,14,2,1,0,0,17,0.8235294117647058
2742,13,2,1,0,0,16,0.8125
2743,14,2,1,0,0,17,0.8235294117647058
2744,13,3,1,0,0,17,0.7647058823529411
2745,13,2,1,0,0,16,0.8125
2746,14,2,1,0,0,17,0.8235294117647058
2747,14,2,1,1,0,18,0.7777777777777778
2748,13,3,1,0,0,17,0.7647058823529411
2749,14,2,1,0,0,17,0.8235294117647058
2750,13,2,1,0,0,16,0.8125
2751,14,2,1,0,0,17,0.8235294117647058
2752,13,2,1,0,0,16,0.8125
2753,13,2,1,0,0,16,0.8125
2754,14,2,1,0,0,17,0.8235294117647058
2755,13,2,1,0,0,16,0.8125
2756,13,2,1,0,0,16,0.8125
2757,14,2,1,0,0,17,0.8235294117647058
2758,13,2,1,0,0,16,0.8125
2759,12,2,1,0,0,15,0.8
2760,14,2,1,0,0,17,0.8235294117647058
2761,13,3,1,0,0,17,0.7647058823529411
2762,15,2,1,0,0,18,0.8333333333333334
2763,13,3,1,0,0,17,0.7647058823529411
2764,14,2,1,0,0,17,0.8235294117647058
2765,13,2,1,0,0,16,0.8125
2766,13,2,1,0,0,16,0.8125
2767,13,2,1,0,0,16,0.8125
2768,14,2,1,0,0,17,0.8235294117647058
2769,13,2,1,0,0,16,0.8125
2770,12,2,1,1,0,16,0.75
2771,13,2,1,0,0,16,0.8125
2772,13,2,1,0,0,16,0.8125
2773,12,2,1,0,0,15,0.8
2774,13,2,1,0,0,16,0.8125
2775,13,3,1,0,0,17,0.7647058823529411
2776,14,3,1,0,0,18,0.7777777777777778
2777,12,2,1,0,0,15,0.8
2778,13,2,1,0,0,16,0.8125
2779,13,2,1,0,0,16,0.8125
2780,14,2,1,0,0,17,0.8235294117647058
2781,14,2,1,0,0,17,0.8235294117647058
2782,13,2,1,0,0,16,0.8125
2783,14,2,1,0,0,17,0.8235294117647058
2784,13,2,1,0,0,16,0.8125
2785,14,2,1,0,0,17,0.8235294117647058
2786,13,2,1,0,0,16,0.8125
2787,13,2,1,0,0,16,0.8125
2788,12,2,1,0,0,15,0.8
2789,12,2,1,0,0,15,0.8
2790,13,2,1,0,0,16,0.8125
2791,11,2,1,0,0,14,0.7857142857142857
2792,12,2,1,0,0,15,0.8
2793,13,1,1,0,0,15,0.8666666666666667
2794,13,2,1,1,0,17,0.7647058823529411
2795,14,2,1,0,0,17,0.8235294117647058
2796,12,2,1,0,0,15,0.8
2797,13,2,1,0,0,16,0.8125
2798,13,2,1,0,0,16,0.8125
2799,13,2,1,0,0,16,0.8125
2800,13,2,1,0,0,16,0.8125
2801,12,2,1,0,0,15,0.8
2802,12,2,1,0,0,15,0.8
2803,14,2,1,0,0,17,0.8235294117647058
2804,14,2,1,0,0,17,0.8235294117647058
2805,12,3,1,0,0,16,0.75
2806,13,2,1,0,0,16,0.8125
2807,14,2,1,0,0,17,0.8235294117647058
2808,13,2,1,0,0,16,0.8125
2809,13,3,1,0,0,17,0.7647058823529411
2810,12,3,1,0,0,16,0.75
2811,12,2,1,0,0,15,0.8
2812,12,2,1,0,0,15,0.8
2813,13,2,1,0,0,16,0.8125
2814,14,2,1,0,0,17,0.8235294117647058
2815,13,2,1,0,0,16,0.8125
2816,12,2,1,0,0,15,0.8
2817,13,3,1,0,0,17,0.7647058823529411
2818,13,2,1,0,0,16,0.8125
2819,12,3,1,0,0,16,0.75
2820,14,2,1,0,0,17,0.8235294117647058
2821,12,2,1,0,0,15,0.8
2822,12,2,1,0,0,15,0.8
2823,14,2,1,0,0,17,0.8235294117647058
2824,13,2,1,0,0,16,0.8125
2825,13,3,1,0,0,17,0.7647058823529411
2826,13,2,1,0,0,16,0.8125
2827,13,2,1,0,0,16,0.8125
2828,13,3,1,0,0,17,0.7647058823529411
2829,14,3,1,0,0,18,0.7777777777777778
2830,13,3,1,0,0,17,0.7647058823529411
2831,14,3,1,0,0,18,0.7777777777777778
2832,13,2,1,0,0,16,0.8125
2833,13,3,1,0,0,17,0.7647058823529411
2834,14,3,1,0,0,18,0.7777777777777778
2835,12,2,1,1,0,16,0.75
2836,13,1,1,0,0,15,0.8666666666666667
2837,13,3,1,0,0,17,0.7647058823529411
2838,13,2,1,0,0,16,0.8125
2839,13,3,1,0,0,17,0.7647058823529411
2840,13,2,1,0,0,16,0.8125
2841,14,2,1,0,0,17,0.8235294117647058
2842,14,2,1,0,0,17,0.8235294117647058
2843,13,3,1,0,0,17,0.7647058823529411
2844,12,2,1,1,0,16,0.75
2845,13,0,1,0,0,14,0.9285714285714286
2846,14,3,1,0,0,18,0.7777777777777778
2847,14,3,1,0,0,18,0.7777777777777778
2848,13,2,1,0,0,16,0.8125
2849,13,2,1,1,0,17,0.7647058823529411
2850,12,2,1,0,0,15,0.8
2851,12,3,1,0,0,16,0.75
2852,14,3,1,0,0,18,0.7777777777777778
2853,12,2,1,0,0,15,0.8
2854,13,3,1,0,0,17,0.7647058823529411
2855,13,3,1,0,0,17,0.7647058823529411
2856,13,2,1,0,0,16,0.8125
2857,13,2,1,0,0,16,0.8125
2858,11,2,1,0,0,14,0.7857142857142857
2859,13,3,1,0,0,17,0.7647058823529411
2860,13,3,1,0,0,17,0.7647058823529411
2861,13,3,1,0,0,17,0.7647058823529411
2862,13,2,1,0,0,16,0.8125
2863,13,2,1,0,0,16,0.8125
2864,13,2,1,0,0,16,0.8125
2865,13,2,1,0,0,16,0.8125
2866,12,2,1,0,0,15,0.8
2867,13,2,1,0,0,16,0.8125
2868,12,3,1,0,0,16,0.75
2869,13,1,1,0,0,15,0.8666666666666667
2870,13,3,1,0,0,17,0.7647058823529411
2871,13,3,1,0,0,17,0.7647058823529411
2872,13,2,1,0,0,16,0.8125
2873,13,2,1,0,0,16,0.8125
2874,14,2,1,0,0,17,0.8235294117647058
2875,13,2,1,0,0,16,0.8125
2876,12,3,1,0,0,16,0.75
2877,14,2,1,0,0,17,0.8235294117647058
2878,14,1,1,0,0,16,0.875
2879,13,2,1,0,0,16,0.8125
2880,12,2,1,0,0,15,0.8
2881,12,3,1,0,0,16,0.75
2882,12,2,1,0,0,15,0.8
2883,13,3,1,0,0,17,0.7647058823529411
2884,14,3,1,0,0,18,0.7777777777777778
2885,13,2,1,0,0,16,0.8125
2886,15,2,1,0,0,18,0.8333333333333334
2887,13,2,1,0,0,16,0.8125
2888,13,2,1,0,0,16,0.8125
2889,12,2,1,0,0,15,0.8
2890,12,2,1,0,0,15,0.8
2891,12,2,1,0,0,15,0.8
2892,13,2,1,0,0,16,0.8125
2893,13,2,1,0,0,16,0.8125
2894,14,2,1,0,0,17,0.8235294117647058
2895,14,2,1,0,0,17,0.8235294117647058
2896,14,2,1,0,0,17,0.8235294117647058
2897,14,2,1,0,0,17,0.8235294117647058
2898,14,2,1,0,0,17,0.8235294117647058
2899,12,2,1,0,0,15,0.8
2900,13,2,1,0,0,16,0.8125
2901,13,2,1,0,0,16,0.8125
2902,14,2,1,0,0,17,0.8235294117647058
2903,13,2,1,0,0,16,0.8125
2904,13,2,1,0,0,16,0.8125
2905,13,2,1,0,0,16,0.8125
2906,14,2,1,0,0,17,0.8235294117647058
2907,13,2,1,0,0,16,0.8125
2908,15,2,1,0,0,18,0.8333333333333334
2909,13,2,1,0,0,16,0.8125
2910,11,2,1,0,0,14,0.7857142857142857
2911,13,2,1,0,0,16,0.8125
2912,13,1,1,0,0,15,0.8666666666666667
2913,13,2,1,0,0,16,0.8125
2914,13,2,1,0,0,16,0.8125
2915,11,3,1,0,0,15,0.7333333333333333
2916,13,2,1,0,0,16,0.8125
2917,14,2,1,0,0,17,0.8235294117647058
2918,12,2,1,0,0,15,0.8
2919,12,2,1,0,0,15,0.8
2920,13,2,1,0,0,16,0.8125
2921,13,3,1,0,0,17,0.7647058823529411
2922,14,2,1,0,0,17,0.8235294117647058
2923,12,2,1,0,0,15,0.8
2924,13,2,1,0,0,16,0.8125
2925,13,2,1,0,0,16,0.8125
2926,12,2,1,0,0,15,0.8
2927,13,2,1,0,0,16,0.8125
2928,13,2,1,0,0,16,0.8125
2929,13,2,1,0,0,16,0.8125
2930,14,2,1,0,0,17,0.8235294117647058
2931,13,3,1,0,0,17,0.7647058823529411
2932,13,2,1,0,0,16,0.8125
2933,12,3,1,0,0,16,0.75
2934,12,2,1,0,0,15,0.8
2935,13,2,1,0,0,16,0.8125
2936,12,2,1,0,0,15,0.8
2937,12,2,1,0,0,15,0.8
2938,11,2,1,0,0,14,0.7857142857142857
2939,13,2,1,0,0,16,0.8125
2940,12,3,1,0,0,16,0.75
2941,14,2,1,0,0,17,0.8235294117647058
2942,14,2,1,0,0,17,0.8235294117647058
2943,13,2,1,0,0,16,0.8125
2944,12,2,1,0,0,15,0.8
2945,13,2,1,0,0,16,0.8125
2946,13,1,1,0,0,15,0.8666666666666667
2947,13,2,1,0,0,16,0.8125
2948,14,2,1,0,0,17,0.8235294117647058
2949,14,2,1,0,0,17,0.8235294117647058
2950,11,2,1,0,0,14,0.7857142857142857
2951,13,2,1,0,0,16,0.8125
2952,13,2,1,0,0,16,0.8125
2953,12,1,1,0,0,14,0.8571428571428571
2954,10,2,1,0,0,13,0.7692307692307693
2955,14,2,1,0,0,17,0.8235294117647058
2956,14,2,1,0,0,17,0.8235294117647058
2957,14,2,1,0,0,17,0.8235294117647058
2958,15,2,1,0,0,18,0.8333333333333334
2959,12,2,1,0,0,15,0.8
2960,13,2,1,0,0,16,0.8125
2961,14,2,1,0,0,17,0.8235294117647058
2962,12,2,1,0,0,15,0.8
2963,13,2,1,0,0,16,0.8125
2964,12,2,1,0,0,15,0.8
2965,13,2,1,0,0,16,0.8125
2966,13,2,1,0,0,16,0.8125
2967,13,2,1,0,0,16,0.8125
2968,11,2,1,0,0,14,0.7857142857142857
2969,11,2,1,1,0,15,0.7333333333333333
2970,14,2,1,0,0,17,0.8235294117647058
2971,14,2,1,0,0,17,0.8235294117647058
2972,13,2,1,0,0,16,0.8125
2973,13,2,1,0,0,16,0.8125
2974,15,2,1,0,0,18,0.8333333333333334
2975,14,2,1,0,0,17,0.8235294117647058
2976,11,2,1,0,0,14,0.7857142857142857
2977,11,2,1,0,0,14,0.7857142857142857
2978,11,2,1,0,0,14,0.7857142857142857
2979,13,2,1,1,0,17,0.7647058823529411
2980,14,2,1,0,0,17,0.8235294117647058
2981,14,2,1,0,0,17,0.8235294117647058
2982,12,2,1,0,0,15,0.8
2983,9,2,1,0,0,12,0.75
2984,14,2,1,0,0,17,0.8235294117647058
2985,12,2,1,0,0,15,0.8
2986,13,2,0,0,0,15,0.8666666666666667
2987,14,1,1,0,0,16,0.875
2988,11,2,1,0,0,14,0.7857142857142857
2989,13,2,1,0,0,16,0.8125
2990,11,2,1,0,0,14,0.7857142857142857
2991,13,2,1,0,0,16,0.8125
2992,11,2,1,0,0,14,0.7857142857142857
2993,13,2,1,0,0,16,0.8125
2994,14,2,1,0,0,17,0.8235294117647058
2995,15,2,1,0,0,18,0.8333333333333334
2996,11,2,1,0,0,14,0.7857142857142857
2997,13,2,1,0,0,16,0.8125
2998,15,1,1,0,0,17,0.8823529411764706
2999,14,2,1,0,0,17,0.8235294117647058
3000,13,2,1,0,0,16,0.8125
3001,14,2,1,0,0,17,0.8235294117647058
3002,15,2,1,0,0,18,0.8333333333333334
3003,14,2,1,0,0,17,0.8235294117647058
3004,13,2,1,0,0,16,0.8125
3005,11,2,1,0,0,14,0.7857142857142857
3006,13,2,1,0,0,16,0.8125
3007,14,2,1,0,0,17,0.8235294117647058
3008,13,2,1,0,0,16,0.8125
3009,13,2,1,0,0,16,0.8125
3010,12,2,1,0,0,15,0.8
3011,12,2,1,0,0,15,0.8
3012,15,2,1,0,0,18,0.8333333333333334
3013,14,2,1,0,0,17,0.8235294117647058
3014,13,2,1,0,0,16,0.8125
3015,14,2,1,0,0,17,0.8235294117647058
3016,14,2,1,0,0,17,0.8235294117647058
3017,13,2,1,0,0,16,0.8125
3018,14,2,1,0,0,17,0.8235294117647058
3019,14,2,1,0,0,17,0.8235294117647058
3020,14,2,1,0,0,17,0.8235294117647058
3021,15,2,1,0,0,18,0.8333333333333334
3022,14,2,1,0,0,17,0.8235294117647058
3023,13,2,1,0,0,16,0.8125
3024,11,2,1,0,0,14,0.7857142857142857
3025,14,2,1,0,0,17,0.8235294117647058
3026,13,2,1,0,0,16,0.8125
3027,13,2,1,0,0,16,0.8125
3028,14,2,1,0,0,17,0.8235294117647058
3029,12,2,1,0,0,15,0.8
3030,11,2,1,0,0,14,0.7857142857142857
3031,14,2,1,0,0,17,0.8235294117647058
3032,13,2,1,0,0,16,0.8125
3033,12,2,1,0,0,15,0.8
3034,11,2,1,0,0,14,0.7857142857142857
3035,14,2,1,0,0,17,0.8235294117647058
3036,14,2,1,0,0,17,0.8235294117647058
3037,12,2,1,0,0,15,0.8
3038,14,2,1,0,0,17,0.8235294117647058
3039,15,1,1,0,0,17,0.8823529411764706
3040,14,2,1,0,0,17,0.8235294117647058
3041,12,2,1,0,0,15,0.8
3042,13,3,1,0,0,17,0.7647058823529411
3043,13,2,1,0,0,16,0.8125
3044,13,2,1,0,0,16,0.8125
3045,14,2,1,0,0,17,0.8235294117647058
3046,14,1,1,0,0,16,0.875
3047,11,2,1,0,0,14,0.7857142857142857
3048,14,2,1,0,0,17,0.8235294117647058
3049,13,2,0,0,0,15,0.8666666666666667
3050,12,2,1,0,0,15,0.8
3051,12,2,1,0,0,15,0.8
3052,12,2,1,0,0,15,0.8
3053,14,2,1,0,0,17,0.8235294117647058
3054,15,2,1,0,0,18,0.8333333333333334
3055,14,1,1,0,0,16,0.875
3056,14,2,1,0,0,17,0.8235294117647058
3057,14,2,1,0,0,17,0.8235294117647058
3058,13,2,1,0,0,16,0.8125
3059,14,2,1,0,0,17,0.8235294117647058
3060,14,2,1,0,0,17,0.8235294117647058
3061,14,2,1,0,0,17,0.8235294117647058
3062,12,2,1,1,0,16,0.75
3063,14,2,1,0,0,17,0.8235294117647058
3064,14,2,1,0,0,17,0.8235294117647058
3065,13,2,1,0,0,16,0.8125
3066,14,1,1,0,0,16,0.875
3067,12,2,2,0,0,16,0.75
3068,13,2,1,0,0,16,0.8125
3069,13,1,1,0,0,15,0.8666666666666667
3070,16,1,1,0,0,18,0.8888888888888888
3071,13,2,1,0,0,16,0.8125
3072,15,2,1,0,0,18,0.8333333333333334
3073,15,2,1,0,0,18,0.8333333333333334
3074,14,2,1,0,0,17,0.8235294117647058
3075,15,2,1,0,0,18,0.8333333333333334
3076,14,2,1,0,0,17,0.8235294117647058
3077,13,2,1,0,0,16,0.8125
3078,14,2,1,0,0,17,0.8235294117647058
3079,15,2,1,0,0,18,0.8333333333333334
3080,14,2,1,0,0,17,0.8235294117647058
3081,13,2,1,1,0,17,0.7647058823529411
3082,13,2,1,0,0,16,0.8125
3083,14,2,1,0,0,17,0.8235294117647058
3084,12,2,1,0,0,15,0.8
3085,14,1,1,0,0,16,0.875
3086,14,2,1,0,0,17,0.8235294117647058
3087,14,2,1,0,0,17,0.8235294117647058
3088,14,2,1,0,0,17,0.8235294117647058
3089,13,2,1,0,0,16,0.8125
3090,12,2,1,0,0,15,0.8
3091,13,1,1,0,0,15,0.8666666666666667
3092,13,2,1,0,0,16,0.8125
3093,13,2,1,0,0,16,0.8125
3094,13,2,0,0,0,15,0.8666666666666667
3095,12,2,1,0,0,15,0.8
3096,14,2,1,0,0,17,0.8235294117647058
3097,14,2,1,0,0,17,0.8235294117647058
3098,13,2,1,0,0,16,0.8125
3099,14,2,1,0,0,17,0.8235294117647058
3100,13,2,1,0,0,16,0.8125
3101,12,2,1,0,0,15,0.8
3102,14,2,1,0,0,17,0.8235294117647058
3103,14,2,1,0,0,17,0.8235294117647058
3104,15,2,1,0,0,18,0.8333333333333334
3105,12,1,1,0,0,14,0.8571428571428571
3106,15,2,1,0,0,18,0.8333333333333334
3107,13,2,1,0,0,16,0.8125
3108,16,2,1,0,0,19,0.8421052631578947
3109,13,2,1,0,0,16,0.8125
3110,14,2,1,0,0,17,0.8235294117647058
3111,13,2,1,0,0,16,0.8125
3112,13,2,1,0,0,16,0.8125
3113,14,2,1,0,0,17,0.8235294117647058
3114,13,2,1,0,0,16,0.8125
3115,14,2,1,0,0,17,0.8235294117647058
3116,12,2,1,0,0,15,0.8
3117,13,1,1,0,0,15,0.8666666666666667
3118,13,2,1,0,0,16,0.8125
3119,14,2,1,0,0,17,0.8235294117647058
3120,12,2,1,0,0,15,0.8
3121,13,2,1,0,0,16,0.8125
3122,12,2,1,0,0,15,0.8
3123,15,2,1,0,0,18,0.8333333333333334
3124,14,2,1,0,0,17,0.8235294117647058
3125,13,2,1,0,0,16,0.8125
3126,13,2,1,0,0,16,0.8125
3127,13,2,1,1,0,17,0.7647058823529411
3128,13,2,1,0,0,16,0.8125
3129,14,2,1,0,0,17,0.8235294117647058
3130,13,2,1,0,0,16,0.8125
3131,15,2,1,0,0,18,0.8333333333333334
3132,15,2,1,0,0,18,0.8333333333333334
3133,11,2,1,0,0,14,0.7857142857142857
3134,14,2,1,0,0,17,0.8235294117647058
3135,13,2,1,0,0,16,0.8125
3136,12,2,1,0,0,15,0.8
3137,15,2,1,0,0,18,0.8333333333333334
3138,13,2,1,0,0,16,0.8125
3139,14,2,1,0,0,17,0.8235294117647058
3140,14,2,1,0,0,17,0.8235294117647058
3141,13,2,1,0,0,16,0.8125
3142,12,2,1,0,0,15,0.8
3143,12,2,1,0,0,15,0.8
3144,13,2,1,0,0,16,0.8125
3145,14,2,1,0,0,17,0.8235294117647058
3146,12,2,1,0,0,15,0.8
3147,13,2,1,0,0,16,0.8125
3148,14,2,1,0,0,17,0.8235294117647058
3149,11,2,1,0,0,14,0.7857142857142857
3150,13,2,1,1,0,17,0.7647058823529411
3151,11,2,1,0,0,14,0.7857142857142857
3152,11,2,1,0,0,14,0.7857142857142857
3153,14,2,1,1,0,18,0.7777777777777778
3154,13,2,1,1,0,17,0.7647058823529411
3155,14,2,1,0,0,17,0.8235294117647058
3156,13,2,1,0,0,16,0.8125
3157,14,2,1,0,0,17,0.8235294117647058
3158,13,3,1,0,0,17,0.7647058823529411
3159,14,2,1,0,0,17,0.8235294117647058
3160,14,2,1,0,0,17,0.8235294117647058
3161,13,2,1,0,0,16,0.8125
3162,13,2,1,0,0,16,0.8125
3163,14,2,1,0,0,17,0.8235294117647058
3164,13,2,1,0,0,16,0.8125
3165,12,2,1,0,0,15,0.8
3166,11,2,1,0,0,14,0.7857142857142857
3167,15,2,1,1,0,19,0.7894736842105263
3168,10,2,1,0,0,13,0.7692307692307693
3169,11,2,1,0,0,14,0.7857142857142857
3170,12,2,1,0,0,15,0.8
3171,12,2,1,0,0,15,0.8
3172,14,2,1,0,0,17,0.8235294117647058
3173,14,2,1,0,0,17,0.8235294117647058
3174,11,2,1,0,0,14,0.7857142857142857
3175,11,2,1,1,0,15,0.7333333333333333
3176,12,2,1,0,0,15,0.8
3177,12,2,1,0,0,15,0.8
3178,13,2,1,0,0,16,0.8125
3179,11,2,1,0,0,14,0.7857142857142857
3180,13,2,1,0,0,16,0.8125
3181,14,2,1,0,0,17,0.8235294117647058
3182,12,2,1,0,0,15,0.8
3183,10,2,1,0,0,13,0.7692307692307693
3184,13,2,1,0,0,16,0.8125
3185,13,2,1,0,0,16,0.8125
3186,12,2,1,0,0,15,0.8
3187,12,2,1,0,0,15,0.8
3188,11,2,1,0,0,14,0.7857142857142857
3189,13,2,1,0,0,16,0.8125
3190,11,2,1,0,0,14,0.7857142857142857
3191,12,2,1,0,0,15,0.8
3192,14,2,0,0,0,16,0.875
3193,12,2,1,0,0,15,0.8
3194,15,2,1,0,0,18,0.8333333333333334
3195,14,2,1,0,0,17,0.8235294117647058
3196,16,2,1,0,0,19,0.8421052631578947
3197,12,2,1,0,0,15,0.8
3198,13,2,1,0,0,16,0.8125
3199,10,2,1,1,0,14,0.7142857142857143
3200,14,2,1,0,0,17,0.8235294117647058
3201,14,2,1,0,0,17,0.8235294117647058
3202,12,2,1,0,0,15,0.8
3203,13,2,1,0,0,16,0.8125
3204,16,2,1,0,0,19,0.8421052631578947
3205,12,2,1,1,0,16,0.75
3206,13,2,1,0,0,16,0.8125
3207,12,2,1,0,0,15,0.8
3208,13,2,1,0,0,16,0.8125
3209,13,1,1,0,0,15,0.8666666666666667
3210,12,2,1,0,0,15,0.8
3211,11,2,1,0,0,14,0.7857142857142857
3212,14,2,1,0,0,17,0.8235294117647058
3213,12,2,1,0,0,15,0.8
3214,11,2,1,0,0,14,0.7857142857142857
3215,10,2,1,0,0,13,0.7692307692307693
3216,11,2,1,0,0,14,0.7857142857142857
3217,14,2,1,0,0,17,0.8235294117647058
3218,14,2,1,0,0,17,0.8235294117647058
3219,14,2,1,0,0,17,0.8235294117647058
3220,15,2,1,0,0,18,0.8333333333333334
3221,11,2,1,0,0,14,0.7857142857142857
3222,12,2,1,0,0,15,0.8
3223,13,2,1,0,0,16,0.8125
3224,14,2,1,0,0,17,0.8235294117647058
3225,13,2,1,0,0,16,0.8125
3226,13,2,1,0,0,16,0.8125
3227,14,2,0,0,0,16,0.875
3228,14,2,1,0,0,17,0.8235294117647058
3229,13,2,1,0,0,16,0.8125
3230,12,2,1,0,0,15,0.8
3231,12,2,1,0,0,15,0.8
3232,13,2,1,0,0,16,0.8125
3233,14,2,1,0,0,17,0.8235294117647058
3234,13,2,1,0,0,16,0.8125
3235,14,2,0,0,0,16,0.875
3236,13,2,1,0,0,16,0.8125
3237,13,2,1,0,0,16,0.8125
3238,12,2,1,0,0,15,0.8
3239,12,2,1,0,0,15,0.8
3240,11,2,0,0,0,13,0.8461538461538461
3241,13,2,1,0,0,16,0.8125
3242,13,2,1,0,0,16,0.8125
3243,14,2,1,0,0,17,0.8235294117647058
3244,14,2,1,0,0,17,0.8235294117647058
3245,13,2,1,0,0,16,0.8125
3246,13,2,0,0,0,15,0.8666666666666667
3247,14,2,1,0,0,17,0.8235294117647058
3248,12,2,1,0,0,15,0.8
3249,13,2,1,0,0,16,0.8125
3250,13,2,1,0,0,16,0.8125
3251,12,2,0,0,0,14,0.8571428571428571
3252,13,2,0,0,0,15,0.8666666666666667
3253,13,2,0,0,0,15,0.8666666666666667
3254,12,2,0,0,0,14,0.8571428571428571
3255,13,2,0,0,0,15,0.8666666666666667
3256,11,2,0,0,0,13,0.8461538461538461
3257,12,2,1,0,0,15,0.8
3258,12,2,0,0,0,14,0.8571428571428571
3259,11,2,0,0,0,13,0.8461538461538461
3260,12,2,1,0,0,15,0.8
3261,13,2,0,0,0,15,0.8666666666666667
3262,12,2,0,0,0,14,0.8571428571428571
3263,10,2,0,0,0,12,0.8333333333333334
3264,14,2,1,0,0,17,0.8235294117647058
3265,14,2,0,0,0,16,0.875
3266,13,2,0,0,0,15,0.8666666666666667
3267,11,2,1,0,0,14,0.7857142857142857
3268,11,2,0,0,0,13,0.8461538461538461
3269,13,2,0,0,0,15,0.8666666666666667
3270,12,2,1,0,0,15,0.8
3271,13,2,0,0,0,15,0.8666666666666667
3272,13,2,1,0,0,16,0.8125
3273,12,2,1,0,0,15,0.8
3274,12,2,0,0,0,14,0.8571428571428571
3275,13,2,1,0,0,16,0.8125
3276,14,2,0,0,0,16,0.875
3277,12,2,0,0,0,14,0.8571428571428571
3278,12,2,0,0,0,14,0.8571428571428571
3279,12,2,1,0,0,15,0.8
3280,12,2,0,0,0,14,0.8571428571428571
3281,13,2,0,0,0,15,0.8666666666666667
3282,14,2,1,0,0,17,0.8235294117647058
3283,13,2,0,0,0,15,0.8666666666666667
3284,13,2,0,0,0,15,0.8666666666666667
3285,12,2,0,0,0,14,0.8571428571428571
3286,14,2,1,0,0,17,0.8235294117647058
3287,13,2,0,0,0,15,0.8666666666666667
3288,13,2,1,0,0,16,0.8125
3289,12,2,1,0,0,15,0.8
3290,12,2,1,0,0,15,0.8
3291,13,2,0,0,0,15,0.8666666666666667
3292,12,2,0,0,0,14,0.8571428571428571
3293,13,2,0,0,0,15,0.8666666666666667
3294,13,2,0,0,0,15,0.8666666666666667
3295,12,2,0,0,0,14,0.8571428571428571
3296,11,2,1,0,0,14,0.7857142857142857
3297,12,2,1,0,0,15,0.8
3298,13,2,1,0,0,16,0.8125
3299,14,2,0,0,0,16,0.875
3300,13,2,1,0,0,16,0.8125
3301,13,2,1,0,0,16,0.8125
3302,13,2,0,0,0,15,0.8666666666666667
3303,12,2,0,0,0,14,0.8571428571428571
3304,13,2,1,0,0,16,0.8125
3305,12,2,0,0,0,14,0.8571428571428571
3306,12,2,1,0,0,15,0.8
3307,12,2,1,0,0,15,0.8
3308,12,2,1,0,0,15,0.8
3309,12,2,0,0,0,14,0.8571428571428571
3310,14,2,0,0,0,16,0.875
3311,13,2,2,0,0,17,0.7647058823529411
3312,12,2,0,0,0,14,0.8571428571428571
3313,13,1,1,0,0,15,0.8666666666666667
3314,12,2,1,0,0,15,0.8
3315,13,2,2,0,0,17,0.7647058823529411
3316,12,2,1,0,0,15,0.8
3317,12,2,2,0,0,16,0.75
3318,13,2,0,0,0,15,0.8666666666666667
3319,13,2,1,0,0,16,0.8125
3320,14,2,0,0,0,16,0.875
3321,12,2,0,0,0,14,0.8571428571428571
3322,13,2,1,0,0,16,0.8125
3323,13,2,0,0,0,15,0.8666666666666667
3324,12,2,0,0,0,14,0.8571428571428571
3325,13,2,0,0,0,15,0.8666666666666667
3326,13,2,0,0,0,15,0.8666666666666667
3327,13,2,0,0,0,15,0.8666666666666667
3328,12,2,1,0,0,15,0.8
3329,13,2,0,0,0,15,0.8666666666666667
3330,13,2,0,0,0,15,0.8666666666666667
3331,13,2,0,0,0,15,0.8666666666666667
3332,12,2,2,0,0,16,0.75
3333,13,2,1,0,0,16,0.8125
3334,14,2,0,0,0,16,0.875
3335,12,2,1,0,0,15,0.8
3336,12,2,2,0,0,16,0.75
3337,12,2,0,0,0,14,0.8571428571428571
3338,13,3,0,0,0,16,0.8125
3339,13,2,0,0,0,15,0.8666666666666667
3340,12,2,1,0,0,15,0.8
3341,12,2,0,0,0,14,0.8571428571428571
3342,12,2,1,0,0,15,0.8
3343,12,2,0,0,0,14,0.8571428571428571
3344,13,3,1,0,0,17,0.7647058823529411
3345,12,2,0,0,0,14,0.8571428571428571
3346,13,2,1,0,0,16,0.8125
3347,13,2,0,0,0,15,0.8666666666666667
3348,12,2,0,0,0,14,0.8571428571428571
3349,13,3,0,0,0,16,0.8125
3350,11,3,0,0,0,14,0.7857142857142857
3351,12,2,0,0,0,14,0.8571428571428571
3352,13,2,0,0,0,15,0.8666666666666667
3353,11,2,2,0,0,15,0.7333333333333333
3354,12,2,1,0,0,15,0.8
3355,12,2,0,0,0,14,0.8571428571428571
3356,12,2,0,0,0,14,0.8571428571428571
3357,13,2,0,0,0,15,0.8666666666666667
3358,13,2,2,0,0,17,0.7647058823529411
3359,12,2,1,0,0,15,0.8
3360,12,3,2,0,0,17,0.7058823529411765
3361,12,2,0,0,0,14,0.8571428571428571
3362,12,3,1,0,0,16,0.75
3363,12,3,0,0,0,15,0.8
3364,12,2,1,0,0,15,0.8
3365,12,2,0,0,0,14,0.8571428571428571
3366,13,2,0,0,0,15,0.8666666666666667
3367,12,3,1,0,0,16,0.75
3368,13,3,1,0,0,17,0.7647058823529411
3369,14,2,0,0,0,16,0.875
3370,12,2,0,0,0,14,0.8571428571428571
3371,13,2,0,0,0,15,0.8666666666666667
3372,12,2,1,0,0,15,0.8
3373,13,2,1,0,0,16,0.8125
3374,13,2,1,0,0,16,0.8125
3375,13,2,1,0,0,16,0.8125
3376,12,2,2,0,0,16,0.75
3377,13,2,1,0,0,16,0.8125
3378,12,2,1,0,0,15,0.8
3379,14,3,1,0,0,18,0.7777777777777778
3380,13,2,1,0,0,16,0.8125
3381,12,3,0,0,0,15,0.8
3382,13,2,1,0,0,16,0.8125
3383,13,2,0,0,0,15,0.8666666666666667
3384,11,2,1,0,0,14,0.7857142857142857
3385,12,2,1,0,0,15,0.8
3386,11,2,0,0,0,13,0.8461538461538461
3387,13,2,1,0,0,16,0.8125
3388,15,3,1,0,0,19,0.7894736842105263
3389,13,2,1,0,0,16,0.8125
3390,14,3,1,0,0,18,0.7777777777777778
3391,13,2,1,0,0,16,0.8125
3392,13,2,1,0,0,16,0.8125
3393,12,2,1,0,0,15,0.8
3394,14,2,1,0,0,17,0.8235294117647058
3395,13,2,1,0,0,16,0.8125
3396,13,2,1,0,0,16,0.8125
3397,13,3,1,0,0,17,0.7647058823529411
3398,12,2,1,0,0,15,0.8
3399,12,2,1,0,0,15,0.8
3400,12,2,1,0,0,15,0.8
3401,12,3,1,0,0,16,0.75
3402,12,2,1,0,0,15,0.8
3403,12,3,1,0,0,16,0.75
3404,13,3,2,0,0,18,0.7222222222222222
3405,12,3,1,0,0,16,0.75
3406,13,2,1,0,0,16,0.8125
3407,13,2,0,0,0,15,0.8666666666666667
3408,12,2,1,0,0,15,0.8
3409,14,3,1,0,0,18,0.7777777777777778
3410,15,2,2,0,0,19,0.7894736842105263
3411,13,2,0,0,0,15,0.8666666666666667
3412,11,2,0,0,0,13,0.8461538461538461
3413,12,2,1,0,0,15,0.8
3414,12,2,1,0,0,15,0.8
3415,13,2,1,0,0,16,0.8125
3416,13,2,0,0,0,15,0.8666666666666667
3417,13,2,2,0,0,17,0.7647058823529411
3418,12,2,1,0,0,15,0.8
3419,11,3,2,0,0,16,0.6875
3420,13,3,1,0,0,17,0.7647058823529411
3421,14,2,1,0,0,17,0.8235294117647058
3422,11,2,1,0,0,14,0.7857142857142857
3423,13,2,1,0,0,16,0.8125
3424,13,2,1,0,0,16,0.8125
3425,13,2,1,0,0,16,0.8125
3426,13,2,1,0,0,16,0.8125
3427,12,2,1,0,0,15,0.8
3428,12,2,1,0,0,15,0.8
3429,13,2,1,0,0,16,0.8125
3430,14,2,1,0,0,17,0.8235294117647058
3431,11,2,1,0,0,14,0.7857142857142857
3432,14,2,1,0,0,17,0.8235294117647058
3433,13,2,1,0,0,16,0.8125
3434,13,2,0,0,0,15,0.8666666666666667
3435,12,2,0,0,0,14,0.8571428571428571
3436,12,2,0,0,0,14,0.8571428571428571
3437,12,2,1,0,0,15,0.8
3438,13,2,1,0,0,16,0.8125
3439,11,2,1,0,0,14,0.7857142857142857
3440,11,2,0,0,0,13,0.8461538461538461
3441,13,2,0,0,0,15,0.8666666666666667
3442,14,2,1,0,0,17,0.8235294117647058
3443,12,2,0,0,0,14,0.8571428571428571
3444,14,2,0,0,0,16,0.875
3445,14,2,0,0,0,16,0.875
3446,12,2,0,0,0,14,0.8571428571428571
3447,13,2,0,0,0,15,0.8666666666666667
3448,13,2,1,0,0,16,0.8125
3449,14,2,1,0,0,17,0.8235294117647058
3450,13,2,1,0,0,16,0.8125
3451,12,3,1,0,0,16,0.75
3452,12,2,1,0,0,15,0.8
3453,13,2,0,0,0,15,0.8666666666666667
3454,13,2,1,0,0,16,0.8125
3455,14,2,1,0,0,17,0.8235294117647058
3456,12,2,0,0,0,14,0.8571428571428571
3457,13,2,0,0,0,15,0.8666666666666667
3458,13,2,1,0,0,16,0.8125
3459,13,2,0,0,0,15,0.8666666666666667
3460,12,2,0,0,0,14,0.8571428571428571
3461,13,2,1,0,0,16,0.8125
3462,14,1,0,0,0,15,0.9333333333333333
3463,14,2,1,0,0,17,0.8235294117647058
3464,15,2,1,0,0,18,0.8333333333333334
3465,12,2,0,0,0,14,0.8571428571428571
3466,14,2,0,0,0,16,0.875
3467,13,2,0,0,0,15,0.8666666666666667
3468,13,2,0,0,0,15,0.8666666666666667
3469,12,2,1,0,0,15,0.8
3470,13,2,0,0,0,15,0.8666666666666667
3471,13,2,1,0,0,16,0.8125
3472,14,2,0,0,0,16,0.875
3473,12,2,0,0,0,14,0.8571428571428571
3474,12,2,1,0,0,15,0.8
3475,14,2,1,0,0,17,0.8235294117647058
3476,12,2,1,0,0,15,0.8
3477,12,2,1,0,0,15,0.8
3478,13,2,1,0,0,16,0.8125
3479,14,2,1,0,0,17,0.8235294117647058
3480,14,2,1,0,0,17,0.8235294117647058
3481,12,2,1,0,0,15,0.8
3482,12,2,1,0,0,15,0.8
3483,13,2,0,0,0,15,0.8666666666666667
3484,12,2,0,0,0,14,0.8571428571428571
3485,14,2,0,0,0,16,0.875
3486,13,2,0,0,0,15,0.8666666666666667
3487,12,2,1,0,0,15,0.8
3488,15,2,0,0,0,17,0.8823529411764706
3489,14,2,0,0,0,16,0.875
3490,14,2,0,0,0,16,0.875
3491,15,2,0,0,0,17,0.8823529411764706
3492,14,3,1,0,0,18,0.7777777777777778
3493,13,2,1,0,0,16,0.8125
3494,15,2,0,0,0,17,0.8823529411764706
3495,16,2,1,0,0,19,0.8421052631578947
3496,14,2,1,0,0,17,0.8235294117647058
3497,14,2,0,0,0,16,0.875
3498,15,2,1,0,0,18,0.8333333333333334
3499,15,2,1,0,0,18,0.8333333333333334
3500,14,2,1,0,0,17,0.8235294117647058
3501,13,2,1,0,0,16,0.8125
3502,14,2,1,0,0,17,0.8235294117647058
3503,13,2,1,0,0,16,0.8125
3504,13,2,0,0,0,15,0.8666666666666667
3505,14,2,0,0,0,16,0.875
3506,13,2,0,0,0,15,0.8666666666666667
3507,13,1,0,0,0,14,0.9285714285714286
3508,12,2,0,0,0,14,0.8571428571428571
3509,14,2,0,0,0,16,0.875
3510,13,2,1,0,0,16,0.8125
3511,13,2,1,0,0,16,0.8125
3512,13,2,1,0,0,16,0.8125
3513,13,2,1,0,0,16,0.8125
3514,13,2,0,0,0,15,0.8666666666666667
3515,14,2,0,0,0,16,0.875
3516,11,2,0,0,0,13,0.8461538461538461
3517,13,2,1,0,0,16,0.8125
3518,12,2,0,0,0,14,0.8571428571428571
3519,12,3,1,0,0,16,0.75
3520,11,2,0,0,0,13,0.8461538461538461
3521,13,2,0,0,0,15,0.8666666666666667
3522,12,2,0,0,0,14,0.8571428571428571
3523,12,2,0,0,0,14,0.8571428571428571
3524,13,2,0,0,0,15,0.8666666666666667
3525,12,3,1,0,0,16,0.75
3526,13,2,0,0,0,15,0.8666666666666667
3527,12,2,0,0,0,14,0.8571428571428571
3528,12,2,0,0,0,14,0.8571428571428571
3529,13,1,0,0,0,14,0.9285714285714286
3530,10,2,0,0,0,12,0.8333333333333334
3531,13,2,0,0,0,15,0.8666666666666667
3532,12,2,0,0,0,14,0.8571428571428571
3533,13,2,0,0,0,15,0.8666666666666667
3534,13,2,0,0,0,15,0.8666666666666667
3535,13,2,1,0,0,16,0.8125
3536,12,2,1,0,0,15,0.8
3537,11,2,1,0,0,14,0.7857142857142857
3538,12,2,1,0,0,15,0.8
3539,13,2,1,0,0,16,0.8125
3540,12,2,1,0,0,15,0.8
3541,13,2,0,0,0,15,0.8666666666666667
3542,14,2,0,0,0,16,0.875
3543,12,2,0,0,0,14,0.8571428571428571
3544,12,2,0,0,0,14,0.8571428571428571
3545,11,2,0,0,0,13,0.8461538461538461
3546,11,2,0,0,0,13,0.8461538461538461
3547,10,2,0,0,0,12,0.8333333333333334
3548,12,2,0,0,0,14,0.8571428571428571
3549,12,2,1,0,0,15,0.8
3550,13,2,0,0,0,15,0.8666666666666667
3551,11,2,0,0,0,13,0.8461538461538461
3552,13,2,1,0,0,16,0.8125
3553,12,3,1,0,0,16,0.75
3554,14,2,1,0,0,17,0.8235294117647058
3555,12,3,1,0,0,16,0.75
3556,12,2,1,0,0,15,0.8
3557,12,2,1,0,0,15,0.8
3558,12,3,1,0,0,16,0.75
3559,12,2,0,0,0,14,0.8571428571428571
3560,11,0,1,0,0,12,0.9166666666666666
3561,13,2,1,0,0,16,0.8125
3562,11,2,0,0,0,13,0.8461538461538461
3563,13,2,1,0,0,16,0.8125
3564,13,2,1,0,0,16,0.8125
3565,13,2,1,0,0,16,0.8125
3566,12,2,1,0,0,15,0.8
3567,14,2,1,0,0,17,0.8235294117647058
3568,13,2,1,0,0,16,0.8125
3569,11,2,0,0,0,13,0.8461538461538461
3570,13,2,1,0,0,16,0.8125
3571,12,2,1,0,0,15,0.8
3572,14,2,0,0,0,16,0.875
3573,14,2,1,0,0,17,0.8235294117647058
3574,11,2,1,0,0,14,0.7857142857142857
3575,14,2,0,0,0,16,0.875
3576,13,2,1,0,0,16,0.8125
3577,14,2,1,0,0,17,0.8235294117647058
3578,13,2,0,0,0,15,0.8666666666666667
3579,11,2,0,0,0,13,0.8461538461538461
3580,13,2,0,0,0,15,0.8666666666666667
3581,12,2,0,0,0,14,0.8571428571428571
3582,13,2,1,0,0,16,0.8125
3583,12,2,1,0,0,15,0.8
3584,13,2,0,0,0,15,0.8666666666666667
3585,14,2,0,0,0,16,0.875
3586,13,2,1,0,0,16,0.8125
3587,12,2,1,0,0,15,0.8
3588,12,3,1,0,0,16,0.75
3589,12,2,1,0,0,15,0.8
3590,9,2,1,0,0,12,0.75
3591,11,2,1,0,0,14,0.7857142857142857
3592,14,2,1,0,0,17,0.8235294117647058
3593,12,2,1,0,0,15,0.8
3594,13,2,1,0,0,16,0.8125
3595,12,2,1,0,0,15,0.8
3596,12,2,1,0,0,15,0.8
3597,13,2,1,0,0,16,0.8125
3598,11,2,1,0,0,14,0.7857142857142857
3599,14,2,1,0,0,17,0.8235294117647058
3600,13,2,1,0,0,16,0.8125
3601,14,2,1,0,0,17,0.8235294117647058
3602,12,2,1,0,0,15,0.8
3603,10,1,1,0,0,12,0.8333333333333334
3604,14,2,1,0,0,17,0.8235294117647058
3605,11,2,1,0,0,14,0.7857142857142857
3606,14,2,1,0,0,17,0.8235294117647058
3607,15,2,1,0,0,18,0.8333333333333334
3608,13,3,1,0,0,17,0.7647058823529411
3609,14,2,1,0,0,17,0.8235294117647058
3610,14,2,1,0,0,17,0.8235294117647058
3611,12,2,1,0,0,15,0.8
3612,13,2,1,0,0,16,0.8125
3613,11,2,0,0,0,13,0.8461538461538461
3614,15,2,1,0,0,18,0.8333333333333334
3615,13,2,1,0,0,16,0.8125
3616,12,2,1,0,0,15,0.8
3617,13,2,1,0,0,16,0.8125
3618,12,2,1,0,0,15,0.8
3619,14,2,1,0,0,17,0.8235294117647058
3620,13,2,1,0,0,16,0.8125
3621,13,2,1,0,0,16,0.8125
3622,13,2,1,0,0,16,0.8125
3623,12,2,1,0,0,15,0.8
3624,13,2,1,0,0,16,0.8125
3625,14,3,1,0,0,18,0.7777777777777778
3626,13,2,1,0,0,16,0.8125
3627,14,2,1,0,0,17,0.8235294117647058
3628,14,2,1,0,0,17,0.8235294117647058
3629,14,2,1,0,0,17,0.8235294117647058
3630,14,2,1,0,0,17,0.8235294117647058
3631,15,2,1,0,0,18,0.8333333333333334
3632,12,2,1,0,0,15,0.8
3633,14,2,1,0,0,17,0.8235294117647058
3634,12,3,1,0,0,16,0.75
3635,14,3,1,0,0,18,0.7777777777777778
3636,13,2,1,0,0,16,0.8125
3637,14,2,1,0,0,17,0.8235294117647058
3638,13,2,1,0,0,16,0.8125
3639,14,2,1,0,0,17,0.8235294117647058
3640,14,2,1,0,0,17,0.8235294117647058
3641,12,2,1,0,0,15,0.8
3642,14,0,1,0,0,15,0.9333333333333333
3643,13,2,1,0,0,16,0.8125
3644,14,2,1,0,0,17,0.8235294117647058
3645,14,2,1,0,0,17,0.8235294117647058
3646,14,2,1,0,0,17,0.8235294117647058
3647,14,2,0,0,0,16,0.875
3648,13,3,1,0,0,17,0.7647058823529411
3649,14,2,1,0,0,17,0.8235294117647058
3650,13,2,1,0,0,16,0.8125
3651,14,2,1,0,0,17,0.8235294117647058
3652,15,2,1,0,0,18,0.8333333333333334
3653,14,2,1,0,0,17,0.8235294117647058
3654,14,2,1,0,0,17,0.8235294117647058
3655,11,2,1,0,0,14,0.7857142857142857
3656,14,2,1,0,0,17,0.8235294117647058
3657,12,2,1,0,0,15,0.8
3658,14,2,1,0,0,17,0.8235294117647058
3659,14,3,1,0,0,18,0.7777777777777778
3660,13,2,1,0,0,16,0.8125
3661,13,3,1,0,0,17,0.7647058823529411
3662,13,2,1,0,0,16,0.8125
3663,11,2,1,0,0,14,0.7857142857142857
3664,13,2,1,0,0,16,0.8125
3665,12,2,1,0,0,15,0.8
3666,13,3,1,0,0,17,0.7647058823529411
3667,12,2,1,0,0,15,0.8
3668,13,3,1,0,0,17,0.7647058823529411
3669,12,3,1,0,0,16,0.75
3670,13,2,1,0,0,16,0.8125
3671,13,3,1,0,0,17,0.7647058823529411
3672,12,2,1,0,0,15,0.8
3673,13,2,1,0,0,16,0.8125
3674,14,2,1,0,0,17,0.8235294117647058
3675,14,3,1,0,0,18,0.7777777777777778
3676,12,2,1,0,0,15,0.8
3677,14,3,1,0,0,18,0.7777777777777778
3678,12,2,1,0,0,15,0.8
3679,12,2,1,0,0,15,0.8
3680,10,3,1,0,0,14,0.7142857142857143
3681,12,2,1,0,0,15,0.8
3682,13,2,1,0,0,16,0.8125
3683,11,3,1,0,0,15,0.7333333333333333
3684,13,3,1,0,0,17,0.7647058823529411
3685,13,2,1,0,0,16,0.8125
3686,13,3,1,0,0,17,0.7647058823529411
3687,13,2,1,0,0,16,0.8125
3688,14,2,1,0,0,17,0.8235294117647058
3689,12,2,1,0,0,15,0.8
3690,13,3,1,0,0,17,0.7647058823529411
3691,12,2,1,0,0,15,0.8
3692,12,2,1,0,0,15,0.8
3693,14,2,1,0,0,17,0.8235294117647058
3694,13,2,1,0,0,16,0.8125
3695,13,3,1,0,0,17,0.7647058823529411
3696,13,2,1,0,0,16,0.8125
3697,12,1,1,0,0,14,0.8571428571428571
3698,10,2,1,0,0,13,0.7692307692307693
3699,14,2,1,0,0,17,0.8235294117647058
3700,12,2,1,0,0,15,0.8
3701,13,2,1,0,0,16,0.8125
3702,13,3,1,0,0,17,0.7647058823529411
3703,12,2,1,0,0,15,0.8
3704,13,2,1,0,0,16,0.8125
3705,12,2,1,0,0,15,0.8
3706,11,3,1,0,0,15,0.7333333333333333
3707,12,2,1,0,0,15,0.8
3708,11,2,1,0,0,14,0.7857142857142857
3709,11,2,1,0,0,14,0.7857142857142857
3710,13,2,0,0,0,15,0.8666666666666667
3711,12,2,1,0,0,15,0.8
3712,12,3,1,0,0,16,0.75
3713,12,2,1,0,0,15,0.8
3714,11,2,1,0,0,14,0.7857142857142857
3715,12,2,1,0,0,15,0.8
3716,12,2,1,0,0,15,0.8
3717,12,2,1,0,0,15,0.8
3718,12,2,1,0,0,15,0.8
3719,12,2,1,0,0,15,0.8
3720,13,2,1,0,0,16,0.8125
3721,12,2,1,0,0,15,0.8
3722,12,2,1,0,0,15,0.8
3723,13,2,1,0,0,16,0.8125
3724,13,2,1,0,0,16,0.8125
3725,12,2,1,0,0,15,0.8
3726,14,3,1,0,0,18,0.7777777777777778
3727,12,2,1,0,0,15,0.8
3728,13,2,1,0,0,16,0.8125
3729,12,2,1,0,0,15,0.8
3730,13,2,1,0,0,16,0.8125
3731,12,2,1,0,0,15,0.8
3732,13,3,1,0,0,17,0.7647058823529411
3733,14,2,0,0,0,16,0.875
3734,12,2,0,0,0,14,0.8571428571428571
3735,13,2,0,0,0,15,0.8666666666666667
3736,12,3,0,0,0,15,0.8
3737,12,2,0,0,0,14,0.8571428571428571
3738,12,2,1,0,0,15,0.8
3739,11,2,1,0,0,14,0.7857142857142857
3740,12,2,0,0,0,14,0.8571428571428571
3741,13,2,1,0,0,16,0.8125
3742,13,3,1,0,0,17,0.7647058823529411
3743,11,2,1,0,0,14,0.7857142857142857
3744,13,2,0,0,0,15,0.8666666666666667
3745,12,2,0,0,0,14,0.8571428571428571
3746,12,2,1,0,0,15,0.8
3747,12,2,0,0,0,14,0.8571428571428571
3748,12,2,1,0,0,15,0.8
3749,13,2,0,0,0,15,0.8666666666666667
3750,12,2,1,0,0,15,0.8
3751,12,2,1,0,0,15,0.8
3752,13,3,1,0,0,17,0.7647058823529411
3753,11,2,1,0,0,14,0.7857142857142857
3754,13,3,0,0,0,16,0.8125
3755,12,3,1,0,0,16,0.75
3756,12,3,1,0,0,16,0.75
3757,12,2,1,0,0,15,0.8
3758,14,2,1,0,0,17,0.8235294117647058
3759,13,2,0,0,0,15,0.8666666666666667
3760,9,2,1,0,0,12,0.75
3761,12,3,0,0,0,15,0.8
3762,13,2,1,0,0,16,0.8125
3763,14,3,1,0,0,18,0.7777777777777778
3764,14,2,0,0,0,16,0.875
3765,10,2,1,0,0,13,0.7692307692307693
3766,14,2,1,0,0,17,0.8235294117647058
3767,11,2,1,0,0,14,0.7857142857142857
3768,10,2,1,0,0,13,0.7692307692307693
3769,13,2,1,0,0,16,0.8125
3770,13,2,1,0,0,16,0.8125
3771,13,2,1,0,0,16,0.8125
3772,12,3,1,0,0,16,0.75
3773,12,3,1,0,0,16,0.75
3774,13,2,1,0,0,16,0.8125
3775,13,2,1,0,0,16,0.8125
3776,12,2,0,0,0,14,0.8571428571428571
3777,12,3,1,0,0,16,0.75
3778,13,2,0,0,0,15,0.8666666666666667
3779,13,2,1,0,0,16,0.8125
3780,10,2,1,0,0,13,0.7692307692307693
3781,13,2,1,0,0,16,0.8125
3782,13,2,1,0,0,16,0.8125
3783,12,3,0,0,0,15,0.8
3784,14,2,0,0,0,16,0.875
3785,14,2,1,0,0,17,0.8235294117647058
3786,15,2,1,0,0,18,0.8333333333333334
3787,11,2,1,0,0,14,0.7857142857142857
3788,11,2,1,0,0,14,0.7857142857142857
3789,12,2,0,0,0,14,0.8571428571428571
3790,12,2,1,0,0,15,0.8
3791,14,2,1,0,0,17,0.8235294117647058
3792,12,2,1,0,0,15,0.8
3793,12,2,1,0,0,15,0.8
3794,12,2,1,0,0,15,0.8
3795,13,2,1,0,0,16,0.8125
3796,13,2,1,0,0,16,0.8125
3797,13,2,2,0,0,17,0.7647058823529411
3798,13,2,1,0,0,16,0.8125
3799,14,2,1,0,0,17,0.8235294117647058
3800,11,2,2,0,0,15,0.7333333333333333
3801,12,2,1,0,0,15,0.8
3802,12,2,2,0,0,16,0.75
3803,11,2,1,0,0,14,0.7857142857142857
3804,13,3,1,0,0,17,0.7647058823529411
3805,13,2,1,0,0,16,0.8125
3806,14,2,1,0,0,17,0.8235294117647058
3807,13,2,1,0,0,16,0.8125
3808,11,3,0,0,0,14,0.7857142857142857
3809,13,2,1,0,0,16,0.8125
3810,13,3,1,0,0,17,0.7647058823529411
3811,12,3,1,0,0,16,0.75
3812,13,2,1,0,0,16,0.8125
3813,12,3,1,0,0,16,0.75
3814,12,3,1,0,0,16,0.75
3815,12,3,1,0,0,16,0.75
3816,13,2,0,0,0,15,0.8666666666666667
3817,13,2,1,0,0,16,0.8125
3818,12,2,1,0,0,15,0.8
3819,12,2,1,0,0,15,0.8
3820,13,3,1,0,0,17,0.7647058823529411
3821,13,3,1,0,0,17,0.7647058823529411
3822,13,3,1,0,0,17,0.7647058823529411
3823,12,3,1,0,0,16,0.75
3824,13,2,0,0,0,15,0.8666666666666667
3825,12,2,1,0,0,15,0.8
3826,13,3,1,0,0,17,0.7647058823529411
3827,13,2,1,0,0,16,0.8125
3828,12,3,1,0,0,16,0.75
3829,13,3,1,0,0,17,0.7647058823529411
3830,13,2,1,0,0,16,0.8125
3831,11,2,1,0,0,14,0.7857142857142857
3832,12,3,1,0,0,16,0.75
3833,12,2,1,0,0,15,0.8
3834,12,3,1,0,0,16,0.75
3835,13,2,1,0,0,16,0.8125
3836,12,2,1,0,0,15,0.8
3837,13,2,1,0,0,16,0.8125
3838,12,3,1,0,0,16,0.75
3839,12,3,1,0,0,16,0.75
3840,12,3,1,0,0,16,0.75
3841,12,2,1,0,0,15,0.8
3842,13,2,1,0,0,16,0.8125
3843,12,2,1,0,0,15,0.8
3844,12,2,1,0,0,15,0.8
3845,12,2,1,0,0,15,0.8
3846,12,2,1,0,0,15,0.8
3847,13,2,1,0,0,16,0.8125
3848,11,2,1,0,0,14,0.7857142857142857
3849,12,2,0,0,0,14,0.8571428571428571
3850,13,2,1,0,0,16,0.8125
3851,12,2,0,0,0,14,0.8571428571428571
3852,12,2,1,0,0,15,0.8
3853,13,2,0,0,0,15,0.8666666666666667
3854,12,2,1,0,0,15,0.8
3855,11,2,0,0,0,13,0.8461538461538461
3856,13,3,0,0,0,16,0.8125
3857,12,2,0,0,0,14,0.8571428571428571
3858,12,2,0,0,0,14,0.8571428571428571
3859,12,2,1,0,0,15,0.8
3860,12,3,0,0,0,15,0.8
3861,12,2,1,0,0,15,0.8
3862,12,3,1,0,0,16,0.75
3863,12,2,1,0,0,15,0.8
3864,13,3,1,0,0,17,0.7647058823529411
3865,13,2,1,0,0,16,0.8125
3866,12,3,1,0,0,16,0.75
3867,13,2,1,0,0,16,0.8125
3868,13,2,1,0,0,16,0.8125
3869,11,3,1,0,0,15,0.7333333333333333
3870,12,2,1,0,0,15,0.8
3871,12,3,1,0,0,16,0.75
3872,12,2,1,0,0,15,0.8
3873,15,1,1,0,0,17,0.8823529411764706
3874,14,2,1,0,0,17,0.8235294117647058
3875,14,2,1,0,0,17,0.8235294117647058
3876,12,3,1,0,0,16,0.75
3877,12,2,1,0,0,15,0.8
3878,12,3,1,0,0,16,0.75
3879,11,3,1,0,0,15,0.7333333333333333
3880,12,2,1,0,0,15,0.8
3881,12,2,1,0,0,15,0.8
3882,14,1,1,0,0,16,0.875
3883,12,2,1,0,0,15,0.8
3884,13,3,1,0,0,17,0.7647058823529411
3885,12,2,1,0,0,15,0.8
3886,11,3,1,0,0,15,0.7333333333333333
3887,12,2,1,0,0,15,0.8
3888,12,2,1,0,0,15,0.8
3889,13,2,1,0,0,16,0.8125
3890,10,2,1,0,0,13,0.7692307692307693
3891,12,2,1,0,0,15,0.8
3892,12,2,1,0,0,15,0.8
3893,10,2,1,0,0,13,0.7692307692307693
3894,11,2,1,0,0,14,0.7857142857142857
3895,11,2,1,0,0,14,0.7857142857142857
3896,12,2,0,0,0,14,0.8571428571428571
3897,13,2,0,0,0,15,0.8666666666666667
3898,12,2,0,0,0,14,0.8571428571428571
3899,13,2,0,0,0,15,0.8666666666666667
3900,12,2,1,0,0,15,0.8
3901,13,2,1,0,0,16,0.8125
3902,13,3,1,0,0,17,0.7647058823529411
3903,12,2,0,0,0,14,0.8571428571428571
3904,12,2,1,0,0,15,0.8
3905,13,2,1,0,0,16,0.8125
3906,12,2,1,0,0,15,0.8
3907,12,2,0,0,0,14,0.8571428571428571
3908,12,2,1,0,0,15,0.8
3909,11,3,0,0,0,14,0.7857142857142857
3910,12,2,0,0,0,14,0.8571428571428571
3911,13,2,0,0,0,15,0.8666666666666667
3912,12,2,1,0,0,15,0.8
3913,12,2,0,0,0,14,0.8571428571428571
3914,14,2,1,0,0,17,0.8235294117647058
3915,12,2,1,0,0,15,0.8
3916,13,2,0,0,0,15,0.8666666666666667
3917,13,2,0,0,0,15,0.8666666666666667
3918,12,2,1,0,0,15,0.8
3919,12,2,0,0,0,14,0.8571428571428571
3920,13,2,1,0,0,16,0.8125
3921,14,2,0,0,0,16,0.875
3922,14,2,0,0,0,16,0.875
3923,13,2,0,0,0,15,0.8666666666666667
3924,12,2,2,0,0,16,0.75
3925,13,2,1,0,0,16,0.8125
3926,14,2,1,0,0,17,0.8235294117647058
3927,12,2,0,0,0,14,0.8571428571428571
3928,10,3,1,0,0,14,0.7142857142857143
3929,12,2,1,0,0,15,0.8
3930,11,2,1,0,0,14,0.7857142857142857
3931,14,2,1,0,0,17,0.8235294117647058
3932,12,2,1,0,0,15,0.8
3933,13,2,1,0,0,16,0.8125
3934,14,2,1,0,0,17,0.8235294117647058
3935,13,2,1,0,0,16,0.8125
3936,13,2,0,0,0,15,0.8666666666666667
3937,12,3,0,0,0,15,0.8
3938,13,2,1,0,0,16,0.8125
3939,12,2,1,0,0,15,0.8
3940,13,2,0,0,0,15,0.8666666666666667
3941,12,2,0,0,0,14,0.8571428571428571
3942,13,2,1,0,0,16,0.8125
3943,13,2,0,0,0,15,0.8666666666666667
3944,13,2,1,0,0,16,0.8125
3945,11,2,0,0,0,13,0.8461538461538461
3946,13,2,1,0,0,16,0.8125
3947,13,2,1,0,0,16,0.8125
3948,11,2,1,0,0,14,0.7857142857142857
3949,12,2,1,0,0,15,0.8
3950,13,2,1,0,0,16,0.8125
3951,13,2,1,0,0,16,0.8125
3952,12,3,1,0,0,16,0.75
3953,15,2,1,0,0,18,0.8333333333333334
3954,12,2,1,0,0,15,0.8
3955,12,2,1,0,0,15,0.8
3956,13,2,1,0,0,16,0.8125
3957,12,2,1,0,0,15,0.8
3958,13,2,0,0,0,15,0.8666666666666667
3959,13,3,2,0,0,18,0.7222222222222222
3960,13,2,1,0,0,16,0.8125
3961,12,2,1,0,0,15,0.8
3962,13,3,1,0,0,17,0.7647058823529411
3963,12,2,1,0,0,15,0.8
3964,11,2,1,0,0,14,0.7857142857142857
3965,12,3,1,0,0,16,0.75
3966,12,3,1,0,0,16,0.75
3967,14,2,1,0,0,17,0.8235294117647058
3968,12,2,1,0,0,15,0.8
3969,13,2,1,0,0,16,0.8125
3970,13,2,1,0,0,16,0.8125
3971,13,2,1,0,0,16,0.8125
3972,11,2,1,0,0,14,0.7857142857142857
3973,11,2,1,0,0,14,0.7857142857142857
3974,12,2,1,0,0,15,0.8
3975,12,2,1,0,0,15,0.8
3976,13,2,1,0,0,16,0.8125
3977,13,2,1,0,0,16,0.8125
3978,13,2,1,0,0,16,0.8125
3979,13,3,1,0,0,17,0.7647058823529411
3980,11,2,1,0,0,14,0.7857142857142857
3981,11,2,1,0,0,14,0.7857142857142857
3982,12,3,1,0,0,16,0.75
3983,12,2,1,0,0,15,0.8
3984,13,2,1,0,0,16,0.8125
3985,12,2,1,0,0,15,0.8
3986,12,2,1,0,0,15,0.8
3987,11,2,1,0,0,14,0.7857142857142857
3988,13,2,1,0,0,16,0.8125
3989,13,2,1,0,0,16,0.8125
3990,13,2,1,0,0,16,0.8125
3991,12,2,1,0,0,15,0.8
3992,15,2,1,0,0,18,0.8333333333333334
3993,12,2,1,0,0,15,0.8
3994,13,3,1,0,0,17,0.7647058823529411
3995,13,2,1,0,0,16,0.8125
3996,12,2,1,0,0,15,0.8
3997,13,3,1,0,0,17,0.7647058823529411
3998,11,2,1,0,0,14,0.7857142857142857
3999,13,3,1,0,0,17,0.7647058823529411
4000,13,2,1,0,0,16,0.8125
4001,14,2,1,0,0,17,0.8235294117647058
4002,12,2,1,0,0,15,0.8
4003,11,3,1,0,0,15,0.7333333333333333
4004,13,2,1,0,0,16,0.8125
4005,13,3,1,0,0,17,0.7647058823529411
4006,12,2,1,0,0,15,0.8
4007,12,2,1,0,0,15,0.8
4008,13,2,1,0,0,16,0.8125
4009,11,2,1,0,0,14,0.7857142857142857
4010,12,2,1,0,0,15,0.8
4011,11,2,1,0,0,14,0.7857142857142857
4012,13,2,1,0,0,16,0.8125
4013,13,2,1,0,0,16,0.8125
4014,13,2,1,0,0,16,0.8125
4015,12,2,1,0,0,15,0.8
4016,13,2,1,0,0,16,0.8125
4017,11,2,1,0,0,14,0.7857142857142857
4018,13,2,1,0,0,16,0.8125
4019,13,2,1,0,0,16,0.8125
4020,12,3,1,0,0,16,0.75
4021,13,2,1,0,0,16,0.8125
4022,13,2,1,0,0,16,0.8125
4023,13,2,1,0,0,16,0.8125
4024,13,2,1,0,0,16,0.8125
4025,12,2,1,0,0,15,0.8
4026,13,2,1,0,0,16,0.8125
4027,10,2,1,0,0,13,0.7692307692307693
4028,12,2,1,0,0,15,0.8
4029,13,2,1,0,0,16,0.8125
4030,13,2,1,0,0,16,0.8125
4031,12,2,1,0,0,15,0.8
4032,13,2,1,0,0,16,0.8125
4033,14,2,1,0,0,17,0.8235294117647058
4034,13,3,1,0,0,17,0.7647058823529411
4035,14,2,1,0,0,17,0.8235294117647058
4036,12,2,1,0,0,15,0.8
4037,13,2,1,0,0,16,0.8125
4038,13,2,1,0,0,16,0.8125
4039,13,2,1,0,0,16,0.8125
4040,13,3,1,0,0,17,0.7647058823529411
4041,13,2,1,0,0,16,0.8125
4042,12,2,1,0,0,15,0.8
4043,13,2,1,0,0,16,0.8125
4044,12,3,1,0,0,16,0.75
4045,12,2,1,0,0,15,0.8
4046,13,2,1,0,0,16,0.8125
4047,13,2,1,0,0,16,0.8125
4048,11,2,1,0,0,14,0.7857142857142857
4049,12,2,1,0,0,15,0.8
4050,12,2,1,0,0,15,0.8
4051,12,2,1,0,0,15,0.8
4052,13,2,1,0,0,16,0.8125
4053,12,2,1,0,0,15,0.8
4054,12,2,1,0,0,15,0.8
4055,12,2,1,0,0,15,0.8
4056,13,2,1,0,0,16,0.8125
4057,14,2,1,0,0,17,0.8235294117647058
4058,12,2,1,0,0,15,0.8
4059,13,2,1,0,0,16,0.8125
4060,13,2,0,0,0,15,0.8666666666666667
4061,13,2,1,0,0,16,0.8125
4062,12,2,0,0,0,14,0.8571428571428571
4063,11,2,1,0,0,14,0.7857142857142857
4064,12,2,0,0,0,14,0.8571428571428571
4065,14,2,1,0,0,17,0.8235294117647058
4066,13,2,1,0,0,16,0.8125
4067,13,2,1,0,0,16,0.8125
4068,11,2,1,0,0,14,0.7857142857142857
4069,12,2,1,0,0,15,0.8
4070,13,2,1,0,0,16,0.8125
4071,11,2,1,0,0,14,0.7857142857142857
4072,12,2,1,0,0,15,0.8
4073,13,2,1,0,0,16,0.8125
4074,13,2,1,0,0,16,0.8125
4075,12,2,1,0,0,15,0.8
4076,13,2,1,0,0,16,0.8125
4077,12,2,1,0,0,15,0.8
4078,12,2,1,0,0,15,0.8
4079,11,2,1,0,0,14,0.7857142857142857
4080,12,2,1,0,0,15,0.8
4081,12,2,1,0,0,15,0.8
4082,12,2,1,0,0,15,0.8
4083,13,2,1,0,0,16,0.8125
4084,12,2,1,0,0,15,0.8
4085,14,2,1,0,0,17,0.8235294117647058
4086,12,3,1,0,0,16,0.75
4087,13,2,1,0,0,16,0.8125
4088,13,2,1,0,0,16,0.8125
4089,12,2,1,0,0,15,0.8
4090,13,2,1,0,0,16,0.8125
4091,11,2,1,0,0,14,0.7857142857142857
4092,12,2,1,0,0,15,0.8
4093,13,2,1,0,0,16,0.8125
4094,12,2,1,0,0,15,0.8
4095,13,3,1,0,0,17,0.7647058823529411
4096,12,2,1,0,0,15,0.8
4097,12,2,1,0,0,15,0.8
4098,12,2,1,0,0,15,0.8
4099,13,2,1,0,0,16,0.8125
4100,13,2,1,0,0,16,0.8125
4101,14,2,1,0,0,17,0.8235294117647058
4102,13,2,1,0,0,16,0.8125
4103,12,2,1,0,0,15,0.8
4104,12,2,1,0,0,15,0.8
4105,13,2,1,0,0,16,0.8125
4106,12,2,0,0,0,14,0.8571428571428571
4107,13,3,1,0,0,17,0.7647058823529411
4108,13,2,1,0,0,16,0.8125
4109,13,2,1,0,0,16,0.8125
4110,13,2,1,0,0,16,0.8125
4111,13,2,1,0,0,16,0.8125
4112,13,2,1,0,0,16,0.8125
4113,13,2,1,0,0,16,0.8125
4114,13,2,1,0,0,16,0.8125
4115,12,2,1,0,0,15,0.8
4116,14,3,1,0,0,18,0.7777777777777778
4117,11,2,1,0,0,14,0.7857142857142857
4118,11,2,1,0,0,14,0.7857142857142857
4119,13,2,0,0,0,15,0.8666666666666667
4120,12,2,1,0,0,15,0.8
4121,12,2,1,0,0,15,0.8
4122,11,2,1,0,0,14,0.7857142857142857
4123,12,2,1,0,0,15,0.8
4124,13,3,1,0,0,17,0.7647058823529411
4125,13,2,1,0,0,16,0.8125
4126,11,2,1,0,0,14,0.7857142857142857
4127,12,2,1,0,0,15,0.8
4128,9,2,1,0,0,12,0.75
4129,11,1,1,0,0,13,0.8461538461538461
4130,13,2,1,0,0,16,0.8125
4131,13,3,1,0,0,17,0.7647058823529411
4132,11,2,1,0,0,14,0.7857142857142857
4133,13,2,0,0,0,15,0.8666666666666667
4134,13,2,1,0,0,16,0.8125
4135,12,2,1,0,0,15,0.8
4136,13,1,1,0,0,15,0.8666666666666667
4137,14,1,1,0,0,16,0.875
4138,12,3,1,0,0,16,0.75
4139,11,2,1,0,0,14,0.7857142857142857
4140,13,2,1,0,0,16,0.8125
4141,13,2,1,0,0,16,0.8125
4142,13,2,1,0,0,16,0.8125
4143,13,2,1,0,0,16,0.8125
4144,12,2,1,0,0,15,0.8
4145,12,2,1,0,0,15,0.8
4146,11,2,1,0,0,14,0.7857142857142857
4147,11,2,1,0,0,14,0.7857142857142857
4148,12,2,1,0,0,15,0.8
4149,12,2,1,0,0,15,0.8
4150,12,2,1,0,0,15,0.8
4151,14,2,1,0,0,17,0.8235294117647058
4152,14,2,1,0,0,17,0.8235294117647058
4153,13,2,1,0,0,16,0.8125
4154,14,2,1,0,0,17,0.8235294117647058
4155,13,2,1,0,0,16,0.8125
4156,15,2,1,0,0,18,0.8333333333333334
4157,13,2,1,0,0,16,0.8125
4158,12,2,1,0,0,15,0.8
4159,14,2,1,0,0,17,0.8235294117647058
4160,13,2,1,0,0,16,0.8125
4161,13,2,1,0,0,16,0.8125
4162,13,2,1,0,0,16,0.8125
4163,13,2,1,0,0,16,0.8125
4164,11,2,1,0,0,14,0.7857142857142857
4165,13,2,1,0,0,16,0.8125
4166,13,2,1,0,0,16,0.8125
4167,14,3,1,0,0,18,0.7777777777777778
4168,14,2,1,0,0,17,0.8235294117647058
4169,14,2,1,0,0,17,0.8235294117647058
4170,15,2,1,0,0,18,0.8333333333333334
4171,13,3,1,0,0,17,0.7647058823529411
4172,12,2,1,0,0,15,0.8
4173,13,2,0,0,0,15,0.8666666666666667
4174,14,2,1,0,0,17,0.8235294117647058
4175,14,2,1,0,0,17,0.8235294117647058
4176,14,2,1,0,0,17,0.8235294117647058
4177,14,2,1,0,0,17,0.8235294117647058
4178,13,2,1,0,0,16,0.8125
4179,14,2,1,0,0,17,0.8235294117647058
4180,14,2,1,0,0,17,0.8235294117647058
4181,13,3,1,0,0,17,0.7647058823529411
4182,13,2,1,0,0,16,0.8125
4183,14,2,0,0,0,16,0.875
4184,13,3,1,0,0,17,0.7647058823529411
4185,14,2,1,0,0,17,0.8235294117647058
4186,12,2,1,0,0,15,0.8
4187,14,2,1,0,0,17,0.8235294117647058
4188,13,2,1,0,0,16,0.8125
4189,13,2,1,0,0,16,0.8125
4190,14,2,1,0,0,17,0.8235294117647058
4191,14,2,1,0,0,17,0.8235294117647058
4192,14,2,1,0,0,17,0.8235294117647058
4193,12,2,1,0,0,15,0.8
4194,13,2,1,0,0,16,0.8125
4195,13,2,1,0,0,16,0.8125
4196,13,2,1,0,0,16,0.8125
4197,13,2,1,0,0,16,0.8125
4198,15,2,1,0,0,18,0.8333333333333334
4199,14,2,1,0,0,17,0.8235294117647058
4200,12,2,1,0,0,15,0.8
4201,13,2,1,0,0,16,0.8125
4202,13,2,1,0,0,16,0.8125
4203,14,2,1,0,0,17,0.8235294117647058
4204,14,3,1,0,0,18,0.7777777777777778
4205,14,2,1,0,0,17,0.8235294117647058
4206,14,2,1,0,0,17,0.8235294117647058
4207,13,2,1,0,0,16,0.8125
4208,15,3,1,0,0,19,0.7894736842105263
4209,13,2,1,0,0,16,0.8125
4210,12,3,1,0,0,16,0.75
4211,13,2,1,0,0,16,0.8125
4212,14,2,1,0,0,17,0.8235294117647058
4213,14,2,1,0,0,17,0.8235294117647058
4214,13,3,1,0,0,17,0.7647058823529411
4215,14,2,1,0,0,17,0.8235294117647058
4216,13,2,0,0,0,15,0.8666666666666667
4217,13,2,1,0,0,16,0.8125
4218,13,2,1,0,0,16,0.8125
4219,13,2,1,0,0,16,0.8125
4220,11,2,1,0,0,14,0.7857142857142857
4221,13,2,1,0,0,16,0.8125
4222,13,2,1,0,0,16,0.8125
4223,13,2,1,0,0,16,0.8125
4224,14,2,1,0,0,17,0.8235294117647058
4225,13,2,1,0,0,16,0.8125
4226,13,2,1,0,0,16,0.8125
4227,11,2,1,0,0,14,0.7857142857142857
4228,13,2,2,0,0,17,0.7647058823529411
4229,13,3,1,0,0,17,0.7647058823529411
4230,12,2,1,0,0,15,0.8
4231,14,2,1,0,0,17,0.8235294117647058
4232,13,2,1,0,0,16,0.8125
4233,14,2,1,0,0,17,0.8235294117647058
4234,14,2,1,0,0,17,0.8235294117647058
4235,13,2,1,0,0,16,0.8125
4236,12,2,1,0,0,15,0.8
4237,13,2,1,0,0,16,0.8125
4238,13,2,1,0,0,16,0.8125
4239,14,2,1,0,0,17,0.8235294117647058
4240,12,2,1,0,0,15,0.8
4241,15,2,1,0,0,18,0.8333333333333334
4242,14,2,1,0,0,17,0.8235294117647058
4243,14,3,1,0,0,18,0.7777777777777778
4244,14,2,1,0,0,17,0.8235294117647058
4245,12,2,1,0,0,15,0.8
4246,14,2,1,0,0,17,0.8235294117647058
4247,13,2,1,0,0,16,0.8125
4248,14,2,1,0,0,17,0.8235294117647058
4249,14,2,1,0,0,17,0.8235294117647058
4250,14,2,1,0,0,17,0.8235294117647058
4251,15,2,1,0,0,18,0.8333333333333334
4252,13,2,1,0,0,16,0.8125
4253,14,2,1,0,0,17,0.8235294117647058
4254,13,3,1,0,0,17,0.7647058823529411
4255,11,2,1,0,0,14,0.7857142857142857
4256,11,2,1,0,0,14,0.7857142857142857
4257,13,2,1,0,0,16,0.8125
4258,14,2,1,0,0,17,0.8235294117647058
4259,13,2,1,0,0,16,0.8125
4260,13,2,1,0,0,16,0.8125
4261,13,2,1,0,0,16,0.8125
4262,14,2,1,0,0,17,0.8235294117647058
4263,14,2,1,0,0,17,0.8235294117647058
4264,13,2,1,0,0,16,0.8125
4265,14,2,1,0,0,17,0.8235294117647058
4266,14,2,1,0,0,17,0.8235294117647058
4267,9,2,1,0,0,12,0.75
4268,11,2,1,0,0,14,0.7857142857142857
4269,13,2,1,0,0,16,0.8125
4270,14,2,1,0,0,17,0.8235294117647058
4271,12,2,1,0,0,15,0.8
4272,14,3,1,0,0,18,0.7777777777777778
4273,14,2,1,0,0,17,0.8235294117647058
4274,13,2,1,0,0,16,0.8125
4275,14,2,1,0,0,17,0.8235294117647058
4276,15,2,1,0,0,18,0.8333333333333334
4277,14,2,1,0,0,17,0.8235294117647058
4278,14,2,1,0,0,17,0.8235294117647058
4279,14,2,1,0,0,17,0.8235294117647058
4280,13,2,1,0,0,16,0.8125
4281,13,2,1,0,0,16,0.8125
4282,14,2,1,0,0,17,0.8235294117647058
4283,13,2,1,0,0,16,0.8125
4284,12,2,1,0,0,15,0.8
4285,13,2,1,0,0,16,0.8125
4286,14,2,1,0,0,17,0.8235294117647058
4287,12,2,1,0,0,15,0.8
4288,14,2,1,0,0,17,0.8235294117647058
4289,12,2,1,0,0,15,0.8
4290,13,2,1,0,0,16,0.8125
4291,14,2,1,0,0,17,0.8235294117647058
4292,12,2,1,0,0,15,0.8
4293,11,2,1,0,0,14,0.7857142857142857
4294,11,2,0,0,0,13,0.8461538461538461
4295,11,3,1,0,0,15,0.7333333333333333
4296,12,2,1,0,0,15,0.8
4297,13,2,0,0,0,15,0.8666666666666667
4298,13,2,1,0,0,16,0.8125
4299,13,2,1,0,0,16,0.8125
4300,15,1,1,0,0,17,0.8823529411764706
4301,15,1,1,0,0,17,0.8823529411764706
4302,12,2,1,0,0,15,0.8
4303,13,2,1,0,0,16,0.8125
4304,13,1,1,0,0,15,0.8666666666666667
4305,12,2,1,0,0,15,0.8
4306,13,2,0,0,0,15,0.8666666666666667
4307,12,2,1,0,0,15,0.8
4308,14,1,1,0,0,16,0.875
4309,13,2,1,0,0,16,0.8125
4310,12,2,1,0,0,15,0.8
4311,14,2,1,0,0,17,0.8235294117647058
4312,14,2,1,0,0,17,0.8235294117647058
4313,12,2,1,0,0,15,0.8
4314,14,2,1,0,0,17,0.8235294117647058
4315,14,2,1,0,0,17,0.8235294117647058
4316,13,2,1,0,0,16,0.8125
4317,14,2,1,0,0,17,0.8235294117647058
4318,14,2,2,0,0,18,0.7777777777777778
4319,15,2,0,0,0,17,0.8823529411764706
4320,14,2,1,0,0,17,0.8235294117647058
4321,14,2,1,0,0,17,0.8235294117647058
4322,14,2,1,0,0,17,0.8235294117647058
4323,14,2,0,0,0,16,0.875
4324,13,2,1,0,0,16,0.8125
4325,13,2,1,0,0,16,0.8125
4326,13,2,1,0,0,16,0.8125
4327,13,2,1,0,0,16,0.8125
4328,13,2,0,0,0,15,0.8666666666666667
4329,13,2,1,0,0,16,0.8125
4330,13,1,1,0,0,15,0.8666666666666667
4331,13,2,2,0,0,17,0.7647058823529411
4332,14,2,0,0,0,16,0.875
4333,12,2,1,0,0,15,0.8
4334,14,2,2,0,0,18,0.7777777777777778
4335,14,2,0,0,0,16,0.875
4336,11,2,1,0,0,14,0.7857142857142857
4337,13,3,0,0,0,16,0.8125
4338,13,2,0,0,0,15,0.8666666666666667
4339,12,2,0,0,0,14,0.8571428571428571
4340,12,2,1,0,0,15,0.8
4341,13,2,0,0,0,15,0.8666666666666667
4342,13,2,0,0,0,15,0.8666666666666667
4343,12,2,0,0,0,14,0.8571428571428571
4344,15,2,0,0,0,17,0.8823529411764706
4345,13,2,0,0,0,15,0.8666666666666667
4346,13,2,1,0,0,16,0.8125
4347,12,2,1,0,0,15,0.8
4348,13,2,0,0,0,15,0.8666666666666667
4349,13,2,1,0,0,16,0.8125
4350,13,2,0,0,0,15,0.8666666666666667
4351,13,2,1,0,0,16,0.8125
4352,13,2,1,0,0,16,0.8125
4353,13,2,0,0,0,15,0.8666666666666667
4354,13,2,0,0,0,15,0.8666666666666667
4355,12,2,0,0,0,14,0.8571428571428571
4356,14,2,0,0,0,16,0.875
4357,14,2,0,0,0,16,0.875
4358,14,2,0,0,0,16,0.875
4359,13,2,0,0,0,15,0.8666666666666667
4360,11,2,1,0,0,14,0.7857142857142857
4361,12,2,0,0,0,14,0.8571428571428571
4362,12,2,0,0,0,14,0.8571428571428571
4363,13,2,0,0,0,15,0.8666666666666667
4364,14,2,0,0,0,16,0.875
4365,12,2,1,0,0,15,0.8
4366,11,2,0,0,0,13,0.8461538461538461
4367,13,2,0,0,0,15,0.8666666666666667
4368,10,2,0,0,0,12,0.8333333333333334
4369,14,2,0,0,0,16,0.875
4370,10,2,1,0,0,13,0.7692307692307693
4371,13,2,0,0,0,15,0.8666666666666667
4372,13,2,1,0,0,16,0.8125
4373,13,3,0,0,0,16,0.8125
4374,10,2,0,0,0,12,0.8333333333333334
4375,13,2,0,0,0,15,0.8666666666666667
4376,13,2,0,0,0,15,0.8666666666666667
4377,13,2,0,0,0,15,0.8666666666666667
4378,13,2,0,0,0,15,0.8666666666666667
4379,13,2,0,0,0,15,0.8666666666666667
4380,11,2,0,0,0,13,0.8461538461538461
4381,13,2,1,0,0,16,0.8125
4382,12,2,0,0,0,14,0.8571428571428571
4383,12,2,0,0,0,14,0.8571428571428571
4384,12,2,1,0,0,15,0.8
4385,13,2,1,0,0,16,0.8125
4386,11,2,0,0,0,13,0.8461538461538461
4387,12,2,0,0,0,14,0.8571428571428571
4388,12,2,1,0,0,15,0.8
4389,12,2,1,0,0,15,0.8
4390,14,2,0,0,0,16,0.875
4391,12,2,1,0,0,15,0.8
4392,12,2,1,0,0,15,0.8
4393,13,2,1,0,0,16,0.8125
4394,13,3,2,0,0,18,0.7222222222222222
4395,13,2,1,0,0,16,0.8125
4396,13,2,0,0,0,15,0.8666666666666667
4397,14,2,0,0,0,16,0.875
4398,12,2,0,0,0,14,0.8571428571428571
4399,13,2,0,0,0,15,0.8666666666666667
4400,12,2,0,0,0,14,0.8571428571428571
4401,13,2,0,0,0,15,0.8666666666666667
4402,14,2,1,0,0,17,0.8235294117647058
4403,12,2,1,0,0,15,0.8
4404,12,2,1,0,0,15,0.8
4405,13,2,1,0,0,16,0.8125
4406,13,2,1,0,0,16,0.8125
4407,12,2,1,0,0,15,0.8
4408,13,2,1,0,0,16,0.8125
4409,14,2,1,0,0,17,0.8235294117647058
4410,13,2,0,0,0,15,0.8666666666666667
4411,12,2,0,0,0,14,0.8571428571428571
4412,14,2,1,0,0,17,0.8235294117647058
4413,13,2,2,0,0,17,0.7647058823529411
4414,12,2,1,0,0,15,0.8
4415,12,2,1,0,0,15,0.8
4416,13,2,1,0,0,16,0.8125
4417,12,2,1,0,0,15,0.8
4418,14,2,1,0,0,17,0.8235294117647058
4419,15,2,0,0,0,17,0.8823529411764706
4420,12,2,0,0,0,14,0.8571428571428571
4421,12,2,0,0,0,14,0.8571428571428571
4422,12,2,1,0,0,15,0.8
4423,12,1,0,0,0,13,0.9230769230769231
4424,12,2,0,0,0,14,0.8571428571428571
4425,14,2,0,0,0,16,0.875
4426,12,2,0,0,0,14,0.8571428571428571
4427,11,2,0,0,0,13,0.8461538461538461
4428,13,2,1,0,0,16,0.8125
4429,12,2,0,0,0,14,0.8571428571428571
4430,12,2,0,0,0,14,0.8571428571428571
4431,14,2,0,0,0,16,0.875
4432,14,2,0,0,0,16,0.875
4433,14,2,0,0,0,16,0.875
4434,14,2,1,0,0,17,0.8235294117647058
4435,14,2,1,0,0,17,0.8235294117647058
4436,14,2,0,0,0,16,0.875
4437,15,2,1,0,0,18,0.8333333333333334
4438,13,2,0,0,0,15,0.8666666666666667
4439,13,2,0,0,0,15,0.8666666666666667
4440,15,2,0,0,0,17,0.8823529411764706
4441,12,2,0,0,0,14,0.8571428571428571
4442,13,2,0,0,0,15,0.8666666666666667
4443,13,2,1,0,0,16,0.8125
4444,13,2,0,0,0,15,0.8666666666666667
4445,13,2,1,0,0,16,0.8125
4446,14,2,0,0,0,16,0.875
4447,12,2,0,0,0,14,0.8571428571428571
4448,12,2,1,0,0,15,0.8
4449,13,2,0,0,0,15,0.8666666666666667
4450,13,2,1,0,0,16,0.8125
4451,13,2,0,0,0,15,0.8666666666666667
4452,14,2,0,0,0,16,0.875
4453,13,2,0,0,0,15,0.8666666666666667
4454,13,2,0,0,0,15,0.8666666666666667
4455,14,2,0,0,0,16,0.875
4456,15,2,0,0,0,17,0.8823529411764706
4457,14,2,0,0,0,16,0.875
4458,11,2,1,0,0,14,0.7857142857142857
4459,14,2,1,0,0,17,0.8235294117647058
4460,12,2,0,0,0,14,0.8571428571428571
4461,13,2,1,0,0,16,0.8125
4462,14,2,0,0,0,16,0.875
4463,12,2,1,0,0,15,0.8
4464,13,2,0,0,0,15,0.8666666666666667
4465,14,2,0,0,0,16,0.875
4466,14,2,0,0,0,16,0.875
4467,14,2,1,0,0,17,0.8235294117647058
4468,14,2,0,0,0,16,0.875
4469,14,2,0,0,0,16,0.875
4470,12,2,0,0,0,14,0.8571428571428571
4471,13,2,0,0,0,15,0.8666666666666667
4472,14,2,0,0,0,16,0.875
4473,14,2,0,0,0,16,0.875
4474,13,2,1,0,0,16,0.8125
4475,12,2,0,0,0,14,0.8571428571428571
4476,12,2,0,0,0,14,0.8571428571428571
4477,12,2,1,0,0,15,0.8
4478,13,2,0,0,0,15,0.8666666666666667
4479,13,2,1,0,0,16,0.8125
4480,13,2,0,0,0,15,0.8666666666666667
4481,13,2,0,0,0,15,0.8666666666666667
4482,10,2,1,0,0,13,0.7692307692307693
4483,14,2,0,0,0,16,0.875
4484,13,2,1,0,0,16,0.8125
4485,14,2,0,0,0,16,0.875
4486,13,2,0,0,0,15,0.8666666666666667
4487,12,2,0,0,0,14,0.8571428571428571
4488,13,2,0,0,0,15,0.8666666666666667
4489,14,2,1,0,0,17,0.8235294117647058
4490,12,2,1,0,0,15,0.8
4491,12,2,0,0,0,14,0.8571428571428571
4492,14,2,0,0,0,16,0.875
4493,11,2,1,0,0,14,0.7857142857142857
4494,13,2,0,0,0,15,0.8666666666666667
4495,12,2,0,0,0,14,0.8571428571428571
4496,12,2,0,0,0,14,0.8571428571428571
4497,13,2,0,0,0,15,0.8666666666666667
4498,13,2,1,0,0,16,0.8125
4499,12,2,0,0,0,14,0.8571428571428571
4500,13,2,0,0,0,15,0.8666666666666667
4501,12,2,0,0,0,14,0.8571428571428571
4502,13,2,0,0,0,15,0.8666666666666667
4503,13,2,0,0,0,15,0.8666666666666667
4504,12,2,0,0,0,14,0.8571428571428571
4505,13,2,0,0,0,15,0.8666666666666667
4506,13,2,1,0,0,16,0.8125
4507,13,3,1,0,0,17,0.7647058823529411
4508,12,2,0,0,0,14,0.8571428571428571
4509,12,2,0,0,0,14,0.8571428571428571
4510,13,2,0,0,0,15,0.8666666666666667
4511,14,2,0,0,0,16,0.875
4512,13,2,1,0,0,16,0.8125
4513,15,2,0,0,0,17,0.8823529411764706
4514,13,2,0,0,0,15,0.8666666666666667
4515,13,2,0,0,0,15,0.8666666666666667
4516,13,2,1,0,0,16,0.8125
4517,11,2,0,0,0,13,0.8461538461538461
4518,14,2,0,0,0,16,0.875
4519,14,2,0,0,0,16,0.875
4520,12,2,1,0,0,15,0.8
4521,15,2,1,0,0,18,0.8333333333333334
4522,12,2,1,0,0,15,0.8
4523,13,2,1,0,0,16,0.8125
4524,14,2,1,0,0,17,0.8235294117647058
4525,13,2,1,0,0,16,0.8125
4526,12,2,1,0,0,15,0.8
4527,12,2,0,0,0,14,0.8571428571428571
4528,13,2,1,0,0,16,0.8125
4529,12,2,0,0,0,14,0.8571428571428571
4530,13,2,0,0,0,15,0.8666666666666667
4531,13,2,2,0,0,17,0.7647058823529411
4532,13,2,0,0,0,15,0.8666666666666667
4533,14,2,0,0,0,16,0.875
4534,13,2,0,0,0,15,0.8666666666666667
4535,14,2,0,0,0,16,0.875
4536,12,2,1,0,0,15,0.8
4537,13,2,0,0,0,15,0.8666666666666667
4538,13,2,0,0,0,15,0.8666666666666667
4539,13,2,0,0,0,15,0.8666666666666667
4540,14,2,1,0,0,17,0.8235294117647058
4541,13,2,0,0,0,15,0.8666666666666667
4542,13,2,0,0,0,15,0.8666666666666667
4543,13,2,1,0,0,16,0.8125
4544,13,2,0,0,0,15,0.8666666666666667
4545,12,2,0,0,0,14,0.8571428571428571
4546,13,2,1,0,0,16,0.8125
4547,13,2,0,0,0,15,0.8666666666666667
4548,14,2,0,0,0,16,0.875
4549,12,2,1,0,0,15,0.8
4550,14,2,0,0,0,16,0.875
4551,13,2,0,0,0,15,0.8666666666666667
4552,14,2,1,0,0,17,0.8235294117647058
4553,15,2,0,0,0,17,0.8823529411764706
4554,13,2,0,0,0,15,0.8666666666666667
4555,13,2,1,0,0,16,0.8125
4556,13,2,1,0,0,16,0.8125
4557,14,2,0,0,0,16,0.875
4558,13,2,0,0,0,15,0.8666666666666667
4559,13,2,1,0,0,16,0.8125
4560,14,2,1,0,0,17,0.8235294117647058
4561,12,2,1,0,0,15,0.8
4562,14,2,0,0,0,16,0.875
4563,14,2,0,0,0,16,0.875
4564,13,2,0,0,0,15,0.8666666666666667
4565,11,2,0,0,0,13,0.8461538461538461
4566,12,3,1,0,0,16,0.75
4567,13,2,1,0,0,16,0.8125
4568,13,2,0,0,0,15,0.8666666666666667
4569,12,2,0,0,0,14,0.8571428571428571
4570,13,2,0,0,0,15,0.8666666666666667
4571,13,2,0,0,0,15,0.8666666666666667
4572,12,2,0,0,0,14,0.8571428571428571
4573,13,2,1,0,0,16,0.8125
4574,14,2,0,0,0,16,0.875
4575,13,2,1,0,0,16,0.8125
4576,12,2,0,0,0,14,0.8571428571428571
4577,11,2,0,0,0,13,0.8461538461538461
4578,13,2,1,0,0,16,0.8125
4579,13,2,1,0,0,16,0.8125
4580,13,2,1,0,0,16,0.8125
4581,14,2,0,0,0,16,0.875
4582,12,2,0,0,0,14,0.8571428571428571
4583,13,2,0,0,0,15,0.8666666666666667
4584,14,2,1,0,0,17,0.8235294117647058
4585,13,2,1,0,0,16,0.8125
4586,13,2,0,0,0,15,0.8666666666666667
4587,14,2,1,0,0,17,0.8235294117647058
4588,13,2,0,0,0,15,0.8666666666666667
4589,14,2,0,0,0,16,0.875
4590,14,2,1,0,0,17,0.8235294117647058
4591,13,2,0,0,0,15,0.8666666666666667
4592,13,2,0,0,0,15,0.8666666666666667
4593,14,2,1,0,0,17,0.8235294117647058
4594,14,2,0,0,0,16,0.875
4595,12,2,0,0,0,14,0.8571428571428571
4596,12,2,0,0,0,14,0.8571428571428571
4597,13,2,0,0,0,15,0.8666666666666667
4598,12,2,0,0,0,14,0.8571428571428571
4599,13,2,0,0,0,15,0.8666666666666667
4600,13,2,0,0,0,15,0.8666666666666667
4601,12,2,0,0,0,14,0.8571428571428571
4602,13,2,0,0,0,15,0.8666666666666667
4603,12,2,0,0,0,14,0.8571428571428571
4604,12,2,0,0,0,14,0.8571428571428571
4605,11,2,0,0,0,13,0.8461538461538461
4606,13,2,0,0,0,15,0.8666666666666667
4607,13,2,0,0,0,15,0.8666666666666667
4608,13,2,0,0,0,15,0.8666666666666667
4609,12,2,1,0,0,15,0.8
4610,12,2,0,0,0,14,0.8571428571428571
4611,12,2,1,0,0,15,0.8
4612,12,2,0,0,0,14,0.8571428571428571
4613,11,2,0,0,0,13,0.8461538461538461
4614,13,2,0,0,0,15,0.8666666666666667
4615,12,2,0,0,0,14,0.8571428571428571
4616,12,2,1,0,0,15,0.8
4617,13,2,0,0,0,15,0.8666666666666667
4618,12,2,0,0,0,14,0.8571428571428571
4619,13,2,0,0,0,15,0.8666666666666667
4620,11,2,0,0,0,13,0.8461538461538461
4621,12,2,0,0,0,14,0.8571428571428571
4622,12,2,1,0,0,15,0.8
4623,12,2,0,0,0,14,0.8571428571428571
4624,12,2,0,0,0,14,0.8571428571428571
4625,12,2,0,0,0,14,0.8571428571428571
4626,12,2,1,0,0,15,0.8
4627,12,2,0,0,0,14,0.8571428571428571
4628,12,2,0,0,0,14,0.8571428571428571
4629,11,2,0,0,0,13,0.8461538461538461
4630,12,2,0,0,0,14,0.8571428571428571
4631,13,2,0,0,0,15,0.8666666666666667
4632,12,2,1,0,0,15,0.8
4633,13,2,0,0,0,15,0.8666666666666667
4634,13,2,1,0,0,16,0.8125
4635,12,2,0,0,0,14,0.8571428571428571
4636,12,2,0,0,0,14,0.8571428571428571
4637,12,2,1,0,0,15,0.8
4638,13,2,0,0,0,15,0.8666666666666667
4639,13,2,0,0,0,15,0.8666666666666667
4640,13,2,0,0,0,15,0.8666666666666667
4641,12,2,0,0,0,14,0.8571428571428571
4642,12,2,0,0,0,14,0.8571428571428571
4643,12,2,0,0,0,14,0.8571428571428571
4644,12,2,0,0,0,14,0.8571428571428571
4645,13,2,0,0,0,15,0.8666666666666667
4646,12,2,0,0,0,14,0.8571428571428571
4647,12,2,0,0,0,14,0.8571428571428571
4648,13,2,0,0,0,15,0.8666666666666667
4649,12,2,0,0,0,14,0.8571428571428571
4650,11,2,0,0,0,13,0.8461538461538461
4651,12,2,0,0,0,14,0.8571428571428571
4652,11,2,0,0,0,13,0.8461538461538461
4653,11,2,0,0,0,13,0.8461538461538461
4654,12,2,0,0,0,14,0.8571428571428571
4655,13,2,0,0,0,15,0.8666666666666667
4656,12,2,0,0,0,14,0.8571428571428571
4657,13,2,0,0,0,15,0.8666666666666667
4658,12,2,0,0,0,14,0.8571428571428571
4659,13,2,0,0,0,15,0.8666666666666667
4660,12,2,0,0,0,14,0.8571428571428571
4661,13,2,0,0,0,15,0.8666666666666667
4662,12,2,1,0,0,15,0.8
4663,13,2,0,0,0,15,0.8666666666666667
4664,12,2,0,0,0,14,0.8571428571428571
4665,11,2,0,0,0,13,0.8461538461538461
4666,12,2,0,0,0,14,0.8571428571428571
4667,12,2,0,0,0,14,0.8571428571428571
4668,12,2,0,0,0,14,0.8571428571428571
4669,11,2,0,0,0,13,0.8461538461538461
4670,11,2,0,0,0,13,0.8461538461538461
4671,13,2,0,0,0,15,0.8666666666666667
4672,11,2,0,0,0,13,0.8461538461538461
4673,13,2,0,0,0,15,0.8666666666666667
4674,13,2,1,0,0,16,0.8125
4675,12,2,0,0,0,14,0.8571428571428571
4676,12,2,0,0,0,14,0.8571428571428571
4677,12,2,0,0,0,14,0.8571428571428571
4678,13,2,0,0,0,15,0.8666666666666667
4679,12,2,0,0,0,14,0.8571428571428571
4680,11,2,0,0,0,13,0.8461538461538461
4681,13,2,1,0,0,16,0.8125
4682,13,2,0,0,0,15,0.8666666666666667
4683,12,2,0,0,0,14,0.8571428571428571
4684,12,2,0,0,0,14,0.8571428571428571
4685,11,2,0,0,0,13,0.8461538461538461
4686,11,2,0,0,0,13,0.8461538461538461
4687,12,2,1,0,0,15,0.8
4688,13,2,1,0,0,16,0.8125
4689,12,2,0,0,0,14,0.8571428571428571
4690,13,1,0,0,0,14,0.9285714285714286
4691,13,2,0,0,0,15,0.8666666666666667
4692,12,2,0,0,0,14,0.8571428571428571
4693,13,2,0,0,0,15,0.8666666666666667
4694,12,2,0,0,0,14,0.8571428571428571
4695,13,2,1,0,0,16,0.8125
4696,13,2,0,0,0,15,0.8666666666666667
4697,12,2,1,0,0,15,0.8
4698,13,2,0,0,0,15,0.8666666666666667
4699,13,2,1,0,0,16,0.8125
4700,11,2,0,0,0,13,0.8461538461538461
4701,12,2,0,0,0,14,0.8571428571428571
4702,13,2,0,0,0,15,0.8666666666666667
4703,13,2,0,0,0,15,0.8666666666666667
4704,14,2,0,0,0,16,0.875
4705,11,2,0,0,0,13,0.8461538461538461
4706,12,2,0,0,0,14,0.8571428571428571
4707,13,2,0,0,0,15,0.8666666666666667
4708,11,2,0,0,0,13,0.8461538461538461
4709,12,2,0,0,0,14,0.8571428571428571
4710,12,2,0,0,0,14,0.8571428571428571
4711,12,2,0,0,0,14,0.8571428571428571
4712,13,2,0,0,0,15,0.8666666666666667
4713,12,2,1,0,0,15,0.8
4714,13,2,0,0,0,15,0.8666666666666667
4715,12,2,0,0,0,14,0.8571428571428571
4716,13,2,0,0,0,15,0.8666666666666667
4717,12,2,0,0,0,14,0.8571428571428571
4718,11,2,0,0,0,13,0.8461538461538461
4719,12,2,0,0,0,14,0.8571428571428571
4720,12,2,0,0,0,14,0.8571428571428571
4721,13,2,0,0,0,15,0.8666666666666667
4722,12,2,0,0,0,14,0.8571428571428571
4723,12,2,0,0,0,14,0.8571428571428571
4724,12,2,0,0,0,14,0.8571428571428571
4725,12,2,0,0,0,14,0.8571428571428571
4726,13,2,0,0,0,15,0.8666666666666667
4727,12,2,0,0,0,14,0.8571428571428571
4728,12,2,0,0,0,14,0.8571428571428571
4729,14,2,0,0,0,16,0.875
4730,13,2,0,0,0,15,0.8666666666666667
4731,12,2,0,0,0,14,0.8571428571428571
4732,11,2,0,0,0,13,0.8461538461538461
4733,13,2,0,0,0,15,0.8666666666666667
4734,11,2,0,0,0,13,0.8461538461538461
4735,12,2,0,0,0,14,0.8571428571428571
4736,13,2,0,0,0,15,0.8666666666666667
4737,11,2,0,0,0,13,0.8461538461538461
4738,13,2,0,0,0,15,0.8666666666666667
4739,13,2,1,0,0,16,0.8125
4740,14,2,0,0,0,16,0.875
4741,12,2,0,0,0,14,0.8571428571428571
4742,12,2,0,0,0,14,0.8571428571428571
4743,13,2,0,0,0,15,0.8666666666666667
4744,12,1,0,0,0,13,0.9230769230769231
4745,13,2,0,0,0,15,0.8666666666666667
4746,12,2,0,0,0,14,0.8571428571428571
4747,12,2,0,0,0,14,0.8571428571428571
4748,13,2,0,0,0,15,0.8666666666666667
4749,13,2,0,0,0,15,0.8666666666666667
4750,13,2,0,0,0,15,0.8666666666666667
4751,13,2,0,0,0,15,0.8666666666666667
4752,11,2,0,0,0,13,0.8461538461538461
4753,13,2,0,0,0,15,0.8666666666666667
4754,12,2,0,0,0,14,0.8571428571428571
4755,14,2,1,0,0,17,0.8235294117647058
4756,13,2,0,0,0,15,0.8666666666666667
4757,11,2,0,0,0,13,0.8461538461538461
4758,13,2,0,0,0,15,0.8666666666666667
4759,12,2,0,0,0,14,0.8571428571428571
4760,12,2,0,0,0,14,0.8571428571428571
4761,12,2,0,0,0,14,0.8571428571428571
4762,13,2,0,0,0,15,0.8666666666666667
4763,12,2,0,0,0,14,0.8571428571428571
4764,13,2,0,0,0,15,0.8666666666666667
4765,12,2,0,0,0,14,0.8571428571428571
4766,12,2,0,0,0,14,0.8571428571428571
4767,12,2,0,0,0,14,0.8571428571428571
4768,12,2,0,0,0,14,0.8571428571428571
4769,11,2,0,0,0,13,0.8461538461538461
4770,13,2,0,0,0,15,0.8666666666666667
4771,12,2,0,0,0,14,0.8571428571428571
4772,13,2,0,0,0,15,0.8666666666666667
4773,12,2,0,0,0,14,0.8571428571428571
4774,13,2,0,0,0,15,0.8666666666666667
4775,13,2,0,0,0,15,0.8666666666666667
4776,13,2,0,0,0,15,0.8666666666666667
4777,13,2,0,0,0,15,0.8666666666666667
4778,13,2,0,0,0,15,0.8666666666666667
4779,13,2,0,0,0,15,0.8666666666666667
4780,12,2,0,0,0,14,0.8571428571428571
4781,13,2,0,0,0,15,0.8666666666666667
4782,12,2,0,0,0,14,0.8571428571428571
4783,12,2,0,0,0,14,0.8571428571428571
4784,13,2,0,0,0,15,0.8666666666666667
4785,12,2,0,0,0,14,0.8571428571428571
4786,14,2,0,0,0,16,0.875
4787,13,2,0,0,0,15,0.8666666666666667
4788,13,2,0,0,0,15,0.8666666666666667
4789,12,2,0,0,0,14,0.8571428571428571
4790,13,2,0,0,0,15,0.8666666666666667
4791,13,2,0,0,0,15,0.8666666666666667
4792,14,2,0,0,0,16,0.875
4793,13,2,1,0,0,16,0.8125
4794,12,2,0,0,0,14,0.8571428571428571
4795,13,2,2,0,0,17,0.7647058823529411
4796,13,2,0,0,0,15,0.8666666666666667
4797,12,2,1,0,0,15,0.8
4798,12,2,1,0,0,15,0.8
4799,12,2,0,0,0,14,0.8571428571428571
4800,11,2,0,0,0,13,0.8461538461538461
4801,12,2,1,0,0,15,0.8
4802,11,2,0,0,0,13,0.8461538461538461
4803,11,2,0,0,0,13,0.8461538461538461
4804,13,2,0,0,0,15,0.8666666666666667
4805,12,2,0,0,0,14,0.8571428571428571
4806,12,2,0,0,0,14,0.8571428571428571
4807,12,2,0,0,0,14,0.8571428571428571
4808,11,2,0,0,0,13,0.8461538461538461
4809,11,2,0,0,0,13,0.8461538461538461
4810,12,2,0,0,0,14,0.8571428571428571
4811,14,2,0,0,0,16,0.875
4812,13,2,0,0,0,15,0.8666666666666667
4813,13,2,0,0,0,15,0.8666666666666667
4814,13,2,0,0,0,15,0.8666666666666667
4815,12,2,0,0,0,14,0.8571428571428571
4816,12,2,0,0,0,14,0.8571428571428571
4817,11,2,0,0,0,13,0.8461538461538461
4818,13,2,0,0,0,15,0.8666666666666667
4819,11,2,0,0,0,13,0.8461538461538461
4820,13,2,0,0,0,15,0.8666666666666667
4821,12,2,0,0,0,14,0.8571428571428571
4822,13,2,0,0,0,15,0.8666666666666667
4823,12,2,0,0,0,14,0.8571428571428571
4824,13,2,0,0,0,15,0.8666666666666667
4825,12,2,1,0,0,15,0.8
4826,12,2,0,0,0,14,0.8571428571428571
4827,13,2,0,0,0,15,0.8666666666666667
4828,12,2,0,0,0,14,0.8571428571428571
4829,10,2,0,0,0,12,0.8333333333333334
4830,12,2,0,0,0,14,0.8571428571428571
4831,11,2,0,0,0,13,0.8461538461538461
4832,12,2,1,0,0,15,0.8
4833,12,2,1,0,0,15,0.8
4834,11,2,0,0,0,13,0.8461538461538461
4835,12,2,0,0,0,14,0.8571428571428571
4836,13,2,0,0,0,15,0.8666666666666667
4837,13,2,0,0,0,15,0.8666666666666667
4838,13,2,0,0,0,15,0.8666666666666667
4839,12,2,0,0,0,14,0.8571428571428571
4840,13,2,0,0,0,15,0.8666666666666667
4841,12,2,0,0,0,14,0.8571428571428571
4842,13,2,0,0,0,15,0.8666666666666667
4843,13,2,1,0,0,16,0.8125
4844,12,2,0,0,0,14,0.8571428571428571
4845,14,2,0,0,0,16,0.875
4846,13,2,0,0,0,15,0.8666666666666667
4847,12,2,0,0,0,14,0.8571428571428571
4848,13,2,0,0,0,15,0.8666666666666667
4849,12,2,0,0,0,14,0.8571428571428571
4850,13,2,0,0,0,15,0.8666666666666667
4851,13,2,0,0,0,15,0.8666666666666667
4852,13,2,0,0,0,15,0.8666666666666667
4853,11,2,0,0,0,13,0.8461538461538461
4854,13,2,1,0,0,16,0.8125
4855,11,2,0,0,0,13,0.8461538461538461
4856,13,2,0,0,0,15,0.8666666666666667
4857,11,2,0,0,0,13,0.8461538461538461
4858,12,2,0,0,0,14,0.8571428571428571
4859,11,2,0,0,0,13,0.8461538461538461
4860,11,2,0,0,0,13,0.8461538461538461
4861,11,2,0,0,0,13,0.8461538461538461
4862,13,2,0,0,0,15,0.8666666666666667
4863,12,2,1,0,0,15,0.8
4864,13,2,0,0,0,15,0.8666666666666667
4865,13,2,0,0,0,15,0.8666666666666667
4866,13,2,0,0,0,15,0.8666666666666667
4867,13,2,0,0,0,15,0.8666666666666667
4868,13,2,0,0,0,15,0.8666666666666667
4869,12,2,0,0,0,14,0.8571428571428571
4870,12,2,0,0,0,14,0.8571428571428571
4871,11,2,0,0,0,13,0.8461538461538461
4872,13,2,0,0,0,15,0.8666666666666667
4873,13,2,0,0,0,15,0.8666666666666667
4874,11,2,0,0,0,13,0.8461538461538461
4875,13,2,0,0,0,15,0.8666666666666667
4876,12,2,0,0,0,14,0.8571428571428571
4877,12,2,0,0,0,14,0.8571428571428571
4878,13,2,0,0,0,15,0.8666666666666667
4879,13,2,0,0,0,15,0.8666666666666667
4880,11,2,0,0,0,13,0.8461538461538461
4881,12,2,0,0,0,14,0.8571428571428571
4882,13,2,0,0,0,15,0.8666666666666667
4883,12,2,0,0,0,14,0.8571428571428571
4884,12,2,0,0,0,14,0.8571428571428571
4885,12,2,0,0,0,14,0.8571428571428571
4886,12,2,0,0,0,14,0.8571428571428571
4887,12,2,1,0,0,15,0.8
4888,13,2,0,0,0,15,0.8666666666666667
4889,13,2,0,0,0,15,0.8666666666666667
4890,12,2,0,0,0,14,0.8571428571428571
4891,11,2,0,0,0,13,0.8461538461538461
4892,13,2,0,0,0,15,0.8666666666666667
4893,12,2,0,0,0,14,0.8571428571428571
4894,14,2,0,0,0,16,0.875
4895,14,2,0,0,0,16,0.875
4896,14,2,0,0,0,16,0.875
4897,14,2,0,0,0,16,0.875
4898,13,2,0,0,0,15,0.8666666666666667
4899,13,2,0,0,0,15,0.8666666666666667
4900,13,2,1,0,0,16,0.8125
4901,12,2,0,0,0,14,0.8571428571428571
4902,13,2,0,0,0,15,0.8666666666666667
4903,12,2,0,0,0,14,0.8571428571428571
4904,13,2,0,0,0,15,0.8666666666666667
4905,12,2,1,0,0,15,0.8
4906,13,2,0,0,0,15,0.8666666666666667
4907,12,2,0,0,0,14,0.8571428571428571
4908,12,2,1,0,0,15,0.8
4909,12,2,1,0,0,15,0.8
4910,13,2,0,0,0,15,0.8666666666666667
4911,11,2,1,0,0,14,0.7857142857142857
4912,12,2,1,0,0,15,0.8
4913,12,2,0,0,0,14,0.8571428571428571
4914,12,2,0,0,0,14,0.8571428571428571
4915,13,2,0,0,0,15,0.8666666666666667
4916,13,2,0,0,0,15,0.8666666666666667
4917,11,2,0,0,0,13,0.8461538461538461
4918,13,2,0,0,0,15,0.8666666666666667
4919,12,2,1,0,0,15,0.8
4920,14,2,1,0,0,17,0.8235294117647058
4921,11,2,0,0,0,13,0.8461538461538461
4922,13,2,0,0,0,15,0.8666666666666667
4923,13,2,0,0,0,15,0.8666666666666667
4924,12,2,0,0,0,14,0.8571428571428571
4925,12,2,0,0,0,14,0.8571428571428571
4926,12,2,0,0,0,14,0.8571428571428571
4927,13,2,0,0,0,15,0.8666666666666667
4928,12,2,0,0,0,14,0.8571428571428571
4929,13,2,1,0,0,16,0.8125
4930,13,2,0,0,0,15,0.8666666666666667
4931,12,2,1,0,0,15,0.8
4932,10,2,0,0,0,12,0.8333333333333334
4933,12,2,0,0,0,14,0.8571428571428571
4934,13,2,0,0,0,15,0.8666666666666667
4935,13,2,0,0,0,15,0.8666666666666667
4936,12,2,0,0,0,14,0.8571428571428571
4937,12,2,0,0,0,14,0.8571428571428571
4938,12,2,0,0,0,14,0.8571428571428571
4939,13,2,0,0,0,15,0.8666666666666667
4940,13,2,0,0,0,15,0.8666666666666667
4941,12,2,0,0,0,14,0.8571428571428571
4942,11,2,0,0,0,13,0.8461538461538461
4943,12,2,0,0,0,14,0.8571428571428571
4944,13,2,0,0,0,15,0.8666666666666667
4945,13,2,1,0,0,16,0.8125
4946,12,2,0,0,0,14,0.8571428571428571
4947,13,2,0,0,0,15,0.8666666666666667
4948,13,2,0,0,0,15,0.8666666666666667
4949,11,2,1,0,0,14,0.7857142857142857
4950,13,2,0,0,0,15,0.8666666666666667
4951,14,2,0,0,0,16,0.875
4952,13,2,1,0,0,16,0.8125
4953,13,2,0,0,0,15,0.8666666666666667
4954,12,2,0,0,0,14,0.8571428571428571
4955,13,2,0,0,0,15,0.8666666666666667
4956,12,2,0,0,0,14,0.8571428571428571
4957,12,2,0,0,0,14,0.8571428571428571
4958,13,2,0,0,0,15,0.8666666666666667
4959,13,2,0,0,0,15,0.8666666666666667
4960,13,2,0,0,0,15,0.8666666666666667
4961,12,2,0,0,0,14,0.8571428571428571
4962,13,2,0,0,0,15,0.8666666666666667
4963,12,2,0,0,0,14,0.8571428571428571
4964,13,2,0,0,0,15,0.8666666666666667
4965,11,2,0,0,0,13,0.8461538461538461
4966,12,2,0,0,0,14,0.8571428571428571
4967,14,2,0,0,0,16,0.875
4968,11,2,1,0,0,14,0.7857142857142857
4969,13,2,0,0,0,15,0.8666666666666667
4970,13,2,0,0,0,15,0.8666666666666667
4971,13,2,0,0,0,15,0.8666666666666667
4972,12,2,0,0,0,14,0.8571428571428571
4973,13,2,0,0,0,15,0.8666666666666667
4974,11,2,0,0,0,13,0.8461538461538461
4975,13,2,0,0,0,15,0.8666666666666667
4976,12,2,0,0,0,14,0.8571428571428571
4977,13,2,0,0,0,15,0.8666666666666667
4978,12,2,0,0,0,14,0.8571428571428571
4979,13,2,0,0,0,15,0.8666666666666667
4980,13,2,0,0,0,15,0.8666666666666667
4981,12,2,0,0,0,14,0.8571428571428571
4982,13,2,0,0,0,15,0.8666666666666667
4983,13,2,0,0,0,15,0.8666666666666667
4984,12,2,0,0,0,14,0.8571428571428571
4985,14,2,0,0,0,16,0.875
4986,12,2,0,0,0,14,0.8571428571428571
4987,13,2,0,0,0,15,0.8666666666666667
4988,12,2,0,0,0,14,0.8571428571428571
4989,13,2,0,0,0,15,0.8666666666666667
4990,12,2,0,0,0,14,0.8571428571428571
4991,13,2,0,0,0,15,0.8666666666666667
4992,13,2,0,0,0,15,0.8666666666666667
4993,12,2,1,0,0,15,0.8
4994,13,2,0,0,0,15,0.8666666666666667
4995,13,2,0,0,0,15,0.8666666666666667
4996,13,2,0,0,0,15,0.8666666666666667
4997,12,2,0,0,0,14,0.8571428571428571
4998,12,2,0,0,0,14,0.8571428571428571
4999,13,2,0,0,0,15,0.8666666666666667
5000,13,2,0,0,0,15,0.8666666666666667
5001,13,2,0,0,0,15,0.8666666666666667
5002,14,2,0,0,0,16,0.875
5003,12,2,0,0,0,14,0.8571428571428571
5004,13,2,0,0,0,15,0.8666666666666667
5005,13,2,0,0,0,15,0.8666666666666667
5006,13,2,0,0,0,15,0.8666666666666667
5007,11,2,1,0,0,14,0.7857142857142857
5008,12,2,1,0,0,15,0.8
5009,11,2,0,0,0,13,0.8461538461538461
5010,11,2,1,0,0,14,0.7857142857142857
5011,13,2,0,0,0,15,0.8666666666666667
5012,12,2,1,0,0,15,0.8
5013,12,2,0,0,0,14,0.8571428571428571
5014,13,2,0,0,0,15,0.8666666666666667
5015,13,2,1,0,0,16,0.8125
5016,12,2,0,0,0,14,0.8571428571428571
5017,12,2,1,0,0,15,0.8
5018,13,2,1,0,0,16,0.8125
5019,13,2,1,0,0,16,0.8125
5020,13,2,0,0,0,15,0.8666666666666667
5021,11,2,2,0,0,15,0.7333333333333333
5022,13,2,1,0,0,16,0.8125
5023,12,2,0,0,0,14,0.8571428571428571
5024,11,2,1,0,0,14,0.7857142857142857
5025,13,2,1,0,0,16,0.8125
5026,11,2,0,0,0,13,0.8461538461538461
5027,12,2,0,0,0,14,0.8571428571428571
5028,11,2,0,0,0,13,0.8461538461538461
5029,11,2,1,0,0,14,0.7857142857142857
5030,12,2,0,0,0,14,0.8571428571428571
5031,11,2,1,0,0,14,0.7857142857142857
5032,14,2,0,0,0,16,0.875
5033,13,2,1,0,0,16,0.8125
5034,10,2,1,0,0,13,0.7692307692307693
5035,13,2,0,0,0,15,0.8666666666666667
5036,12,2,1,0,0,15,0.8
5037,13,2,1,0,0,16,0.8125
5038,14,2,1,0,0,17,0.8235294117647058
5039,12,2,1,0,0,15,0.8
5040,13,2,1,0,0,16,0.8125
5041,12,2,0,0,0,14,0.8571428571428571
5042,11,2,0,0,0,13,0.8461538461538461
5043,11,1,1,0,0,13,0.8461538461538461
5044,13,2,0,0,0,15,0.8666666666666667
5045,12,2,0,0,0,14,0.8571428571428571
5046,11,2,1,0,0,14,0.7857142857142857
5047,12,2,0,0,0,14,0.8571428571428571
5048,14,2,1,0,0,17,0.8235294117647058
5049,12,2,1,0,0,15,0.8
5050,13,2,0,0,0,15,0.8666666666666667
5051,13,2,0,0,0,15,0.8666666666666667
5052,13,2,1,0,0,16,0.8125
5053,13,2,0,0,0,15,0.8666666666666667
5054,13,2,0,0,0,15,0.8666666666666667
5055,11,2,1,0,0,14,0.7857142857142857
5056,12,2,0,0,0,14,0.8571428571428571
5057,11,2,1,0,0,14,0.7857142857142857
5058,13,1,1,0,0,15,0.8666666666666667
5059,10,2,1,0,0,13,0.7692307692307693
5060,12,1,0,0,0,13,0.9230769230769231
5061,11,2,0,0,0,13,0.8461538461538461
5062,13,1,1,0,0,15,0.8666666666666667
5063,13,1,1,0,0,15,0.8666666666666667
5064,11,2,1,0,0,14,0.7857142857142857
5065,13,2,1,0,0,16,0.8125
5066,13,2,0,0,0,15,0.8666666666666667
5067,13,2,0,0,0,15,0.8666666666666667
5068,14,2,0,0,0,16,0.875
5069,13,2,0,0,0,15,0.8666666666666667
5070,12,2,0,0,0,14,0.8571428571428571
5071,12,2,0,0,0,14,0.8571428571428571
5072,13,2,0,0,0,15,0.8666666666666667
5073,14,2,0,0,0,16,0.875
5074,13,2,1,0,0,16,0.8125
5075,12,2,0,0,0,14,0.8571428571428571
5076,13,2,1,0,0,16,0.8125
5077,12,1,0,0,0,13,0.9230769230769231
5078,14,2,0,0,0,16,0.875
5079,11,2,1,0,0,14,0.7857142857142857
5080,14,2,0,0,0,16,0.875
5081,13,2,0,0,0,15,0.8666666666666667
5082,11,2,0,0,0,13,0.8461538461538461
5083,13,2,0,0,0,15,0.8666666666666667
5084,12,2,1,0,0,15,0.8
5085,14,2,0,0,0,16,0.875
5086,12,2,0,0,0,14,0.8571428571428571
5087,11,2,1,0,0,14,0.7857142857142857
5088,13,2,1,0,0,16,0.8125
5089,13,2,0,0,0,15,0.8666666666666667
5090,13,2,1,0,0,16,0.8125
5091,13,2,0,0,0,15,0.8666666666666667
5092,13,2,0,0,0,15,0.8666666666666667
5093,12,2,0,0,0,14,0.8571428571428571
5094,12,2,1,0,0,15,0.8
5095,12,2,0,0,0,14,0.8571428571428571
5096,11,2,0,0,0,13,0.8461538461538461
5097,13,2,0,0,0,15,0.8666666666666667
5098,13,2,1,0,0,16,0.8125
5099,12,2,0,0,0,14,0.8571428571428571
5100,14,2,0,0,0,16,0.875
5101,12,2,0,0,0,14,0.8571428571428571
5102,13,2,0,0,0,15,0.8666666666666667
5103,11,2,0,0,0,13,0.8461538461538461
5104,12,2,0,0,0,14,0.8571428571428571
5105,11,2,0,0,0,13,0.8461538461538461
5106,12,2,0,0,0,14,0.8571428571428571
5107,12,2,1,0,0,15,0.8
5108,12,2,0,0,0,14,0.8571428571428571
5109,13,2,0,0,0,15,0.8666666666666667
5110,13,2,0,0,0,15,0.8666666666666667
5111,12,2,0,0,0,14,0.8571428571428571
5112,12,2,0,0,0,14,0.8571428571428571
5113,14,2,0,0,0,16,0.875
5114,12,2,0,0,0,14,0.8571428571428571
5115,11,2,0,0,0,13,0.8461538461538461
5116,12,2,0,0,0,14,0.8571428571428571
5117,12,2,0,0,0,14,0.8571428571428571
5118,12,2,1,0,0,15,0.8
5119,13,2,1,0,0,16,0.8125
5120,13,2,1,0,0,16,0.8125
5121,13,2,0,0,0,15,0.8666666666666667
5122,14,2,0,0,0,16,0.875
5123,13,2,0,0,0,15,0.8666666666666667
5124,12,2,1,0,0,15,0.8
5125,12,2,0,0,0,14,0.8571428571428571
5126,12,2,0,0,0,14,0.8571428571428571
5127,13,2,0,0,0,15,0.8666666666666667
5128,12,2,0,0,0,14,0.8571428571428571
5129,13,2,0,0,0,15,0.8666666666666667
5130,13,2,0,0,0,15,0.8666666666666667
5131,11,2,1,0,0,14,0.7857142857142857
5132,12,2,0,0,0,14,0.8571428571428571
5133,12,2,0,0,0,14,0.8571428571428571
5134,14,2,0,0,0,16,0.875
5135,13,2,0,0,0,15,0.8666666666666667
5136,12,2,0,0,0,14,0.8571428571428571
5137,13,2,0,0,0,15,0.8666666666666667
5138,13,2,1,0,0,16,0.8125
5139,12,2,0,0,0,14,0.8571428571428571
5140,13,2,0,0,0,15,0.8666666666666667
5141,13,2,0,0,0,15,0.8666666666666667
5142,12,2,1,0,0,15,0.8
5143,12,2,0,0,0,14,0.8571428571428571
5144,12,2,0,0,0,14,0.8571428571428571
5145,12,2,1,0,0,15,0.8
5146,12,2,0,0,0,14,0.8571428571428571
5147,13,2,1,0,0,16,0.8125
5148,13,2,0,0,0,15,0.8666666666666667
5149,13,2,0,0,0,15,0.8666666666666667
5150,13,2,0,0,0,15,0.8666666666666667
5151,12,2,1,0,0,15,0.8
5152,13,2,0,0,0,15,0.8666666666666667
5153,13,2,0,0,0,15,0.8666666666666667
5154,12,2,0,0,0,14,0.8571428571428571
5155,12,2,0,0,0,14,0.8571428571428571
5156,13,2,0,0,0,15,0.8666666666666667
5157,12,2,1,0,0,15,0.8
5158,11,2,0,0,0,13,0.8461538461538461
5159,13,2,0,0,0,15,0.8666666666666667
5160,12,2,1,0,0,15,0.8
5161,13,2,0,0,0,15,0.8666666666666667
5162,13,2,2,0,0,17,0.7647058823529411
5163,13,2,0,0,0,15,0.8666666666666667
5164,13,2,0,0,0,15,0.8666666666666667
5165,13,2,0,0,0,15,0.8666666666666667
5166,12,2,0,0,0,14,0.8571428571428571
5167,12,2,0,0,0,14,0.8571428571428571
5168,12,2,0,0,0,14,0.8571428571428571
5169,13,2,1,0,0,16,0.8125
5170,13,2,0,0,0,15,0.8666666666666667
5171,12,2,1,0,0,15,0.8
5172,12,2,1,0,0,15,0.8
5173,11,2,0,0,0,13,0.8461538461538461
5174,12,2,0,0,0,14,0.8571428571428571
5175,13,2,1,0,0,16,0.8125
5176,12,2,1,0,0,15,0.8
5177,12,1,0,0,0,13,0.9230769230769231
5178,13,2,0,0,0,15,0.8666666666666667
5179,13,2,1,0,0,16,0.8125
5180,11,2,0,0,0,13,0.8461538461538461
5181,13,2,1,0,0,16,0.8125
5182,12,2,1,0,0,15,0.8
5183,13,2,0,0,0,15,0.8666666666666667
5184,13,2,1,0,0,16,0.8125
5185,13,2,0,0,0,15,0.8666666666666667
5186,11,2,1,0,0,14,0.7857142857142857
5187,12,2,0,0,0,14,0.8571428571428571
5188,12,2,0,0,0,14,0.8571428571428571
5189,12,2,0,0,0,14,0.8571428571428571
5190,13,2,0,0,0,15,0.8666666666666667
5191,12,1,0,0,0,13,0.9230769230769231
5192,13,2,0,0,0,15,0.8666666666666667
5193,12,2,0,0,0,14,0.8571428571428571
5194,13,2,1,0,0,16,0.8125
5195,13,2,0,0,0,15,0.8666666666666667
5196,13,3,1,0,0,17,0.7647058823529411
5197,12,0,0,0,0,12,1.0
5198,12,2,0,0,0,14,0.8571428571428571
5199,12,2,0,0,0,14,0.8571428571428571
5200,12,2,0,0,0,14,0.8571428571428571
5201,12,2,0,0,0,14,0.8571428571428571
5202,13,2,0,0,0,15,0.8666666666666667
5203,13,2,1,0,0,16,0.8125
5204,13,2,0,0,0,15,0.8666666666666667
5205,13,2,0,0,0,15,0.8666666666666667
5206,12,2,0,0,0,14,0.8571428571428571
5207,11,2,0,0,0,13,0.8461538461538461
5208,11,2,0,0,0,13,0.8461538461538461
5209,12,2,0,0,0,14,0.8571428571428571
5210,13,2,1,0,0,16,0.8125
5211,10,2,1,0,0,13,0.7692307692307693
5212,12,2,0,0,0,14,0.8571428571428571
5213,11,2,0,0,0,13,0.8461538461538461
5214,11,2,0,0,0,13,0.8461538461538461
5215,14,2,0,0,0,16,0.875
5216,11,2,0,0,0,13,0.8461538461538461
5217,12,2,0,0,0,14,0.8571428571428571
5218,12,2,0,0,0,14,0.8571428571428571
5219,10,2,0,0,0,12,0.8333333333333334
5220,13,2,0,0,0,15,0.8666666666666667
5221,13,2,0,0,0,15,0.8666666666666667
5222,13,2,0,0,0,15,0.8666666666666667
5223,13,2,0,0,0,15,0.8666666666666667
5224,11,2,0,0,0,13,0.8461538461538461
5225,12,0,0,0,0,12,1.0
5226,12,2,0,0,0,14,0.8571428571428571
5227,12,2,0,0,0,14,0.8571428571428571
5228,11,2,0,0,0,13,0.8461538461538461
5229,13,2,0,0,0,15,0.8666666666666667
5230,14,2,0,0,0,16,0.875
5231,12,2,0,0,0,14,0.8571428571428571
5232,13,2,0,0,0,15,0.8666666666666667
5233,12,2,0,0,0,14,0.8571428571428571
5234,10,2,0,0,0,12,0.8333333333333334
5235,13,2,0,0,0,15,0.8666666666666667
5236,11,2,0,0,0,13,0.8461538461538461
5237,13,2,0,0,0,15,0.8666666666666667
5238,14,2,0,0,0,16,0.875
5239,12,2,0,0,0,14,0.8571428571428571
5240,14,2,0,0,0,16,0.875
5241,12,2,0,0,0,14,0.8571428571428571
5242,13,2,0,0,0,15,0.8666666666666667
5243,12,2,0,0,0,14,0.8571428571428571
5244,12,2,0,0,0,14,0.8571428571428571
5245,10,2,0,0,0,12,0.8333333333333334
5246,12,2,0,0,0,14,0.8571428571428571
5247,11,2,0,0,0,13,0.8461538461538461
5248,9,2,0,0,0,11,0.8181818181818182
5249,11,2,0,0,0,13,0.8461538461538461
5250,10,2,0,0,0,12,0.8333333333333334
5251,12,2,1,0,0,15,0.8
5252,12,2,0,0,0,14,0.8571428571428571
5253,12,2,0,0,0,14,0.8571428571428571
5254,11,2,0,0,0,13,0.8461538461538461
5255,13,2,0,0,0,15,0.8666666666666667
5256,12,2,0,0,0,14,0.8571428571428571
5257,12,2,0,0,0,14,0.8571428571428571
5258,12,2,0,0,0,14,0.8571428571428571
5259,12,2,0,0,0,14,0.8571428571428571
5260,12,2,0,0,0,14,0.8571428571428571
5261,12,2,0,0,0,14,0.8571428571428571
5262,11,2,0,0,0,13,0.8461538461538461
5263,12,1,0,0,0,13,0.9230769230769231
5264,11,2,0,0,0,13,0.8461538461538461
5265,11,2,0,0,0,13,0.8461538461538461
5266,12,2,0,0,0,14,0.8571428571428571
5267,11,2,0,0,0,13,0.8461538461538461
5268,11,2,0,0,0,13,0.8461538461538461
5269,12,2,0,0,0,14,0.8571428571428571
5270,11,2,0,0,0,13,0.8461538461538461
5271,13,2,0,0,0,15,0.8666666666666667
5272,13,2,0,0,0,15,0.8666666666666667
5273,13,2,0,0,0,15,0.8666666666666667
5274,13,2,0,0,0,15,0.8666666666666667
5275,12,2,0,0,0,14,0.8571428571428571
5276,11,2,0,0,0,13,0.8461538461538461
5277,13,2,0,0,0,15,0.8666666666666667
5278,13,2,0,0,0,15,0.8666666666666667
5279,12,2,1,0,0,15,0.8
5280,13,2,0,0,0,15,0.8666666666666667
5281,13,2,0,0,0,15,0.8666666666666667
5282,11,2,0,0,0,13,0.8461538461538461
5283,12,2,0,0,0,14,0.8571428571428571
5284,12,2,0,0,0,14,0.8571428571428571
5285,14,2,0,0,0,16,0.875
5286,12,2,1,0,0,15,0.8
5287,13,2,0,0,0,15,0.8666666666666667
5288,14,2,0,0,0,16,0.875
5289,13,2,0,0,0,15,0.8666666666666667
5290,11,2,0,0,0,13,0.8461538461538461
5291,13,2,0,0,0,15,0.8666666666666667
5292,11,2,0,0,0,13,0.8461538461538461
5293,12,2,0,0,0,14,0.8571428571428571
5294,13,2,0,0,0,15,0.8666666666666667
5295,13,2,0,0,0,15,0.8666666666666667
5296,13,2,0,0,0,15,0.8666666666666667
5297,12,2,0,0,0,14,0.8571428571428571
5298,12,2,0,0,0,14,0.8571428571428571
5299,13,2,1,0,0,16,0.8125
5300,12,2,0,0,0,14,0.8571428571428571
5301,12,2,0,0,0,14,0.8571428571428571
5302,12,2,0,0,0,14,0.8571428571428571
5303,12,2,0,0,0,14,0.8571428571428571
5304,12,2,1,0,0,15,0.8
5305,14,2,0,0,0,16,0.875
5306,14,2,0,0,0,16,0.875
5307,11,2,0,0,0,13,0.8461538461538461
5308,12,2,0,0,0,14,0.8571428571428571
5309,13,2,0,0,0,15,0.8666666666666667
5310,13,2,0,0,0,15,0.8666666666666667
5311,13,2,0,0,0,15,0.8666666666666667
5312,12,2,0,0,0,14,0.8571428571428571
5313,13,2,0,0,0,15,0.8666666666666667
5314,13,2,1,0,0,16,0.8125
5315,12,2,0,0,0,14,0.8571428571428571
5316,13,2,0,0,0,15,0.8666666666666667
5317,12,2,0,0,0,14,0.8571428571428571
5318,11,2,0,0,0,13,0.8461538461538461
5319,13,2,0,0,0,15,0.8666666666666667
5320,14,2,0,0,0,16,0.875
5321,13,2,0,0,0,15,0.8666666666666667
5322,11,2,0,0,0,13,0.8461538461538461
5323,12,2,0,0,0,14,0.8571428571428571
5324,11,2,1,0,0,14,0.7857142857142857
5325,12,2,0,0,0,14,0.8571428571428571
5326,13,2,0,0,0,15,0.8666666666666667
5327,12,2,0,0,0,14,0.8571428571428571
5328,14,2,0,0,0,16,0.875
5329,13,2,0,0,0,15,0.8666666666666667
5330,13,2,0,0,0,15,0.8666666666666667
5331,12,2,0,0,0,14,0.8571428571428571
5332,12,2,0,0,0,14,0.8571428571428571
5333,13,2,0,0,0,15,0.8666666666666667
5334,12,2,0,0,0,14,0.8571428571428571
5335,13,2,0,0,0,15,0.8666666666666667
5336,11,2,0,0,0,13,0.8461538461538461
5337,11,2,1,0,0,14,0.7857142857142857
5338,12,2,0,0,0,14,0.8571428571428571
5339,12,2,0,0,0,14,0.8571428571428571
5340,12,2,0,0,0,14,0.8571428571428571
5341,13,2,0,0,0,15,0.8666666666666667
5342,11,2,0,0,0,13,0.8461538461538461
5343,12,2,0,0,0,14,0.8571428571428571
5344,12,2,0,0,0,14,0.8571428571428571
5345,12,2,0,0,0,14,0.8571428571428571
5346,12,2,0,0,0,14,0.8571428571428571
5347,12,2,0,0,0,14,0.8571428571428571
5348,13,2,0,0,0,15,0.8666666666666667
5349,12,2,0,0,0,14,0.8571428571428571
5350,12,2,0,0,0,14,0.8571428571428571
5351,12,2,0,0,0,14,0.8571428571428571
5352,12,2,0,0,0,14,0.8571428571428571
5353,11,2,0,0,0,13,0.8461538461538461
5354,12,2,0,0,0,14,0.8571428571428571
5355,13,2,0,0,0,15,0.8666666666666667
5356,10,2,0,0,0,12,0.8333333333333334
5357,12,2,1,0,0,15,0.8
5358,11,2,0,0,0,13,0.8461538461538461
5359,12,2,0,0,0,14,0.8571428571428571
5360,13,2,0,0,0,15,0.8666666666666667
5361,12,2,0,0,0,14,0.8571428571428571
5362,11,2,0,0,0,13,0.8461538461538461
5363,12,2,0,0,0,14,0.8571428571428571
5364,10,2,0,0,0,12,0.8333333333333334
5365,12,2,0,0,0,14,0.8571428571428571
5366,11,2,0,0,0,13,0.8461538461538461
5367,11,2,0,0,0,13,0.8461538461538461
5368,12,2,1,0,0,15,0.8
5369,11,2,1,0,0,14,0.7857142857142857
5370,13,2,1,0,0,16,0.8125
5371,12,2,0,0,0,14,0.8571428571428571
5372,12,2,0,0,0,14,0.8571428571428571
5373,12,1,0,0,0,13,0.9230769230769231
5374,12,2,0,0,0,14,0.8571428571428571
5375,12,2,0,0,0,14,0.8571428571428571
5376,12,2,0,0,0,14,0.8571428571428571
5377,12,2,0,0,0,14,0.8571428571428571
5378,13,2,0,0,0,15,0.8666666666666667
5379,12,2,0,0,0,14,0.8571428571428571
5380,13,2,1,0,0,16,0.8125
5381,11,2,0,0,0,13,0.8461538461538461
5382,12,2,0,0,0,14,0.8571428571428571
5383,12,2,0,0,0,14,0.8571428571428571
5384,12,2,0,0,0,14,0.8571428571428571
5385,11,2,0,0,0,13,0.8461538461538461
5386,13,2,1,0,0,16,0.8125
5387,12,2,0,0,0,14,0.8571428571428571
5388,12,2,0,0,0,14,0.8571428571428571
5389,12,2,0,0,0,14,0.8571428571428571
5390,12,2,0,0,0,14,0.8571428571428571
5391,12,2,0,0,0,14,0.8571428571428571
5392,12,2,0,0,0,14,0.8571428571428571
5393,12,2,0,0,0,14,0.8571428571428571
5394,11,2,0,0,0,13,0.8461538461538461
5395,12,1,0,0,0,13,0.9230769230769231
5396,12,2,0,0,0,14,0.8571428571428571
5397,13,2,0,0,0,15,0.8666666666666667
5398,12,2,1,0,0,15,0.8
5399,12,2,0,0,0,14,0.8571428571428571
5400,12,2,0,0,0,14,0.8571428571428571
5401,12,2,0,0,0,14,0.8571428571428571
5402,11,2,1,0,0,14,0.7857142857142857
5403,12,1,0,0,0,13,0.9230769230769231
5404,13,2,0,0,0,15,0.8666666666666667
5405,14,2,1,0,0,17,0.8235294117647058
5406,12,2,1,0,0,15,0.8
5407,13,2,1,0,0,16,0.8125
5408,11,2,0,0,0,13,0.8461538461538461
5409,12,2,0,0,0,14,0.8571428571428571
5410,11,2,0,0,0,13,0.8461538461538461
5411,12,2,0,0,0,14,0.8571428571428571
5412,12,2,0,0,0,14,0.8571428571428571
5413,11,2,0,0,0,13,0.8461538461538461
5414,12,2,0,0,0,14,0.8571428571428571
5415,10,2,0,0,0,12,0.8333333333333334
5416,11,2,0,0,0,13,0.8461538461538461
5417,12,2,0,0,0,14,0.8571428571428571
5418,12,2,0,0,0,14,0.8571428571428571
5419,14,2,1,0,0,17,0.8235294117647058
5420,13,2,1,0,0,16,0.8125
5421,12,2,1,0,0,15,0.8
5422,12,2,1,0,0,15,0.8
5423,11,2,1,0,0,14,0.7857142857142857
5424,13,2,0,0,0,15,0.8666666666666667
5425,13,2,1,0,0,16,0.8125
5426,12,2,0,0,0,14,0.8571428571428571
5427,13,2,0,0,0,15,0.8666666666666667
5428,12,2,0,0,0,14,0.8571428571428571
5429,11,1,0,0,0,12,0.9166666666666666
5430,13,2,0,0,0,15,0.8666666666666667
5431,13,2,0,0,0,15,0.8666666666666667
5432,12,2,0,0,0,14,0.8571428571428571
5433,13,1,0,0,0,14,0.9285714285714286
5434,13,1,0,0,0,14,0.9285714285714286
5435,11,2,0,0,0,13,0.8461538461538461
5436,12,2,0,0,0,14,0.8571428571428571
5437,12,2,0,0,0,14,0.8571428571428571
5438,12,1,0,0,0,13,0.9230769230769231
5439,12,2,0,0,0,14,0.8571428571428571
5440,13,1,0,0,0,14,0.9285714285714286
5441,11,2,0,0,0,13,0.8461538461538461
5442,13,2,0,0,0,15,0.8666666666666667
5443,13,2,1,0,0,16,0.8125
5444,12,2,0,0,0,14,0.8571428571428571
5445,13,2,0,0,0,15,0.8666666666666667
5446,11,2,0,0,0,13,0.8461538461538461
5447,13,2,0,0,0,15,0.8666666666666667
5448,12,2,0,0,0,14,0.8571428571428571
5449,12,2,0,0,0,14,0.8571428571428571
5450,12,2,0,0,0,14,0.8571428571428571
5451,11,2,0,0,0,13,0.8461538461538461
5452,12,1,0,0,0,13,0.9230769230769231
5453,12,2,0,0,0,14,0.8571428571428571
5454,10,2,0,0,0,12,0.8333333333333334
5455,12,2,0,0,0,14,0.8571428571428571
5456,11,2,0,0,0,13,0.8461538461538461
5457,12,2,0,0,0,14,0.8571428571428571
5458,12,2,0,0,0,14,0.8571428571428571
5459,11,2,0,0,0,13,0.8461538461538461
5460,13,2,0,0,0,15,0.8666666666666667
5461,12,2,0,0,0,14,0.8571428571428571
5462,12,2,0,0,0,14,0.8571428571428571
5463,11,2,0,0,0,13,0.8461538461538461
5464,12,2,0,0,0,14,0.8571428571428571
5465,14,2,0,0,0,16,0.875
5466,12,2,0,0,0,14,0.8571428571428571
5467,12,2,0,0,0,14,0.8571428571428571
5468,13,2,0,0,0,15,0.8666666666666667
5469,12,2,0,0,0,14,0.8571428571428571
5470,12,2,0,0,0,14,0.8571428571428571
5471,13,2,0,0,0,15,0.8666666666666667
5472,11,2,0,0,0,13,0.8461538461538461
5473,12,2,0,0,0,14,0.8571428571428571
5474,12,2,0,0,0,14,0.8571428571428571
5475,12,2,0,0,0,14,0.8571428571428571
5476,12,2,0,0,0,14,0.8571428571428571
5477,13,2,0,0,0,15,0.8666666666666667
5478,12,2,0,0,0,14,0.8571428571428571
5479,12,2,0,0,0,14,0.8571428571428571
5480,12,2,0,0,0,14,0.8571428571428571
5481,12,2,0,0,0,14,0.8571428571428571
5482,10,2,0,0,0,12,0.8333333333333334
5483,13,2,0,0,0,15,0.8666666666666667
5484,11,2,0,0,0,13,0.8461538461538461
5485,11,2,0,0,0,13,0.8461538461538461
5486,12,2,0,0,0,14,0.8571428571428571
5487,10,2,0,0,0,12,0.8333333333333334
5488,12,2,0,0,0,14,0.8571428571428571
5489,13,2,1,0,0,16,0.8125
5490,12,2,0,0,0,14,0.8571428571428571
5491,11,2,0,0,0,13,0.8461538461538461
5492,12,2,0,0,0,14,0.8571428571428571
5493,12,2,0,0,0,14,0.8571428571428571
5494,12,2,0,0,0,14,0.8571428571428571
5495,11,2,0,0,0,13,0.8461538461538461
5496,13,2,0,0,0,15,0.8666666666666667
5497,13,2,0,0,0,15,0.8666666666666667
5498,12,2,0,0,0,14,0.8571428571428571
5499,11,2,0,0,0,13,0.8461538461538461
5500,12,2,0,0,0,14,0.8571428571428571
5501,10,2,0,0,0,12,0.8333333333333334
5502,12,2,0,0,0,14,0.8571428571428571
5503,12,2,0,0,0,14,0.8571428571428571
5504,10,2,0,0,0,12,0.8333333333333334
5505,13,2,0,0,0,15,0.8666666666666667
5506,13,2,0,0,0,15,0.8666666666666667
5507,13,2,0,0,0,15,0.8666666666666667
5508,10,2,0,0,0,12,0.8333333333333334
5509,12,2,0,0,0,14,0.8571428571428571
5510,11,2,0,0,0,13,0.8461538461538461
5511,13,2,0,0,0,15,0.8666666666666667
5512,12,2,0,0,0,14,0.8571428571428571
5513,13,2,0,0,0,15,0.8666666666666667
5514,13,2,1,0,0,16,0.8125
5515,11,1,0,0,0,12,0.9166666666666666
5516,13,2,0,0,0,15,0.8666666666666667
5517,12,2,0,0,0,14,0.8571428571428571
5518,11,2,0,0,0,13,0.8461538461538461
5519,11,2,0,0,0,13,0.8461538461538461
5520,11,2,0,0,0,13,0.8461538461538461
5521,13,2,0,0,0,15,0.8666666666666667
5522,10,2,0,0,0,12,0.8333333333333334
5523,12,2,0,0,0,14,0.8571428571428571
5524,13,2,0,0,0,15,0.8666666666666667
5525,12,2,0,0,0,14,0.8571428571428571
5526,13,2,0,0,0,15,0.8666666666666667
5527,11,2,0,0,0,13,0.8461538461538461
5528,11,2,0,0,0,13,0.8461538461538461
5529,11,2,0,0,0,13,0.8461538461538461
5530,13,2,0,0,0,15,0.8666666666666667
5531,13,2,0,0,0,15,0.8666666666666667
5532,11,2,0,0,0,13,0.8461538461538461
5533,13,2,0,0,0,15,0.8666666666666667
5534,12,2,0,0,0,14,0.8571428571428571
5535,13,2,0,0,0,15,0.8666666666666667
5536,11,2,0,0,0,13,0.8461538461538461
5537,11,2,0,0,0,13,0.8461538461538461
5538,13,2,0,0,0,15,0.8666666666666667
5539,11,2,0,0,0,13,0.8461538461538461
5540,12,2,0,0,0,14,0.8571428571428571
5541,12,2,0,0,0,14,0.8571428571428571
5542,13,2,0,0,0,15,0.8666666666666667
5543,12,2,0,0,0,14,0.8571428571428571
5544,12,1,0,0,0,13,0.9230769230769231
5545,12,2,0,0,0,14,0.8571428571428571
5546,10,2,0,0,0,12,0.8333333333333334
5547,12,2,0,0,0,14,0.8571428571428571
5548,12,2,0,0,0,14,0.8571428571428571
5549,12,2,0,0,0,14,0.8571428571428571
5550,13,2,0,0,0,15,0.8666666666666667
5551,12,2,0,0,0,14,0.8571428571428571
5552,12,2,0,0,0,14,0.8571428571428571
5553,10,2,0,0,0,12,0.8333333333333334
5554,12,2,0,0,0,14,0.8571428571428571
5555,12,2,0,0,0,14,0.8571428571428571
5556,13,2,0,0,0,15,0.8666666666666667
5557,11,2,0,0,0,13,0.8461538461538461
5558,10,2,0,0,0,12,0.8333333333333334
5559,12,2,0,0,0,14,0.8571428571428571
5560,10,2,0,0,0,12,0.8333333333333334
5561,11,2,0,0,0,13,0.8461538461538461
5562,12,2,0,0,0,14,0.8571428571428571
5563,12,2,0,0,0,14,0.8571428571428571
5564,13,2,0,0,0,15,0.8666666666666667
5565,11,2,0,0,0,13,0.8461538461538461
5566,12,2,0,0,0,14,0.8571428571428571
5567,12,2,0,0,0,14,0.8571428571428571
5568,12,2,0,0,0,14,0.8571428571428571
5569,13,2,0,0,0,15,0.8666666666666667
5570,13,2,0,0,0,15,0.8666666666666667
5571,12,2,0,0,0,14,0.8571428571428571
5572,13,2,0,0,0,15,0.8666666666666667
5573,11,2,0,0,0,13,0.8461538461538461
5574,12,2,0,0,0,14,0.8571428571428571
5575,12,2,0,0,0,14,0.8571428571428571
5576,13,2,0,0,0,15,0.8666666666666667
5577,13,2,0,0,0,15,0.8666666666666667
5578,11,2,0,0,0,13,0.8461538461538461
5579,12,2,0,0,0,14,0.8571428571428571
5580,13,2,0,0,0,15,0.8666666666666667
5581,13,2,0,0,0,15,0.8666666666666667
5582,13,2,1,0,0,16,0.8125
5583,14,2,0,0,0,16,0.875
5584,12,2,0,0,0,14,0.8571428571428571
5585,12,2,0,0,0,14,0.8571428571428571
5586,12,2,0,0,0,14,0.8571428571428571
5587,12,2,0,0,0,14,0.8571428571428571
5588,12,2,0,0,0,14,0.8571428571428571
5589,13,2,0,0,0,15,0.8666666666666667
5590,13,2,0,0,0,15,0.8666666666666667
5591,12,2,0,0,0,14,0.8571428571428571
5592,12,1,0,0,0,13,0.9230769230769231
5593,12,2,0,0,0,14,0.8571428571428571
5594,12,1,0,0,0,13,0.9230769230769231
5595,11,1,0,0,0,12,0.9166666666666666
5596,11,2,0,0,0,13,0.8461538461538461
5597,11,1,0,0,0,12,0.9166666666666666
5598,11,1,0,0,0,12,0.9166666666666666
5599,11,1,0,0,0,12,0.9166666666666666
5600,11,2,0,0,0,13,0.8461538461538461
5601,12,2,0,0,0,14,0.8571428571428571
5602,13,2,0,0,0,15,0.8666666666666667
5603,12,1,0,0,0,13,0.9230769230769231
5604,12,1,0,0,0,13,0.9230769230769231
5605,12,2,0,0,0,14,0.8571428571428571
5606,12,1,0,0,0,13,0.9230769230769231
5607,11,2,0,0,0,13,0.8461538461538461
5608,13,2,0,0,0,15,0.8666666666666667
5609,12,2,0,0,0,14,0.8571428571428571
5610,14,2,0,0,0,16,0.875
5611,13,2,0,0,0,15,0.8666666666666667
5612,12,2,0,0,0,14,0.8571428571428571
5613,11,2,0,0,0,13,0.8461538461538461
5614,10,2,0,0,0,12,0.8333333333333334
5615,12,2,0,0,0,14,0.8571428571428571
5616,12,1,0,0,0,13,0.9230769230769231
5617,12,2,0,0,0,14,0.8571428571428571
5618,13,2,0,0,0,15,0.8666666666666667
5619,12,1,0,0,0,13,0.9230769230769231
5620,13,2,0,0,0,15,0.8666666666666667
5621,12,1,0,0,0,13,0.9230769230769231
5622,11,1,0,0,0,12,0.9166666666666666
5623,12,1,0,0,0,13,0.9230769230769231
5624,12,2,0,0,0,14,0.8571428571428571
5625,11,2,0,0,0,13,0.8461538461538461
5626,13,2,0,0,0,15,0.8666666666666667
5627,12,2,0,0,0,14,0.8571428571428571
5628,11,2,0,0,0,13,0.8461538461538461
5629,12,2,0,0,0,14,0.8571428571428571
5630,13,2,0,0,0,15,0.8666666666666667
5631,13,2,0,0,0,15,0.8666666666666667
5632,13,2,0,0,0,15,0.8666666666666667
5633,12,2,0,0,0,14,0.8571428571428571
5634,10,2,0,0,0,12,0.8333333333333334
5635,12,2,0,0,0,14,0.8571428571428571
5636,12,1,0,0,0,13,0.9230769230769231
5637,12,2,0,0,0,14,0.8571428571428571
5638,13,2,0,0,0,15,0.8666666666666667
5639,13,2,0,0,0,15,0.8666666666666667
5640,12,2,0,0,0,14,0.8571428571428571
5641,14,1,0,0,0,15,0.9333333333333333
5642,11,2,0,0,0,13,0.8461538461538461
5643,12,1,1,0,0,14,0.8571428571428571
5644,13,1,0,0,0,14,0.9285714285714286
5645,12,2,0,0,0,14,0.8571428571428571
5646,13,2,0,0,0,15,0.8666666666666667
5647,10,1,0,0,0,11,0.9090909090909091
5648,11,2,0,0,0,13,0.8461538461538461
5649,13,2,0,0,0,15,0.8666666666666667
5650,12,2,0,0,0,14,0.8571428571428571
5651,12,2,0,0,0,14,0.8571428571428571
5652,11,1,0,0,0,12,0.9166666666666666
5653,12,2,0,0,0,14,0.8571428571428571
5654,11,2,0,0,0,13,0.8461538461538461
5655,12,2,0,0,0,14,0.8571428571428571
5656,12,1,0,0,0,13,0.9230769230769231
5657,12,2,0,0,0,14,0.8571428571428571
5658,12,2,0,0,0,14,0.8571428571428571
5659,13,2,0,0,0,15,0.8666666666666667
5660,12,1,0,0,0,13,0.9230769230769231
5661,13,2,0,0,0,15,0.8666666666666667
5662,13,2,0,0,0,15,0.8666666666666667
5663,12,1,0,0,0,13,0.9230769230769231
5664,12,1,0,0,0,13,0.9230769230769231
5665,11,1,0,0,0,12,0.9166666666666666
5666,11,2,0,0,0,13,0.8461538461538461
5667,11,2,0,0,0,13,0.8461538461538461
5668,9,2,0,0,0,11,0.8181818181818182
5669,12,1,0,0,0,13,0.9230769230769231
5670,13,2,1,0,0,16,0.8125
5671,11,1,0,0,0,12,0.9166666666666666
5672,12,2,0,0,0,14,0.8571428571428571
5673,12,2,0,0,0,14,0.8571428571428571
5674,13,1,0,0,0,14,0.9285714285714286
5675,10,2,0,0,0,12,0.8333333333333334
5676,12,2,0,0,0,14,0.8571428571428571
5677,11,2,0,0,0,13,0.8461538461538461
5678,12,1,0,0,0,13,0.9230769230769231
5679,14,2,0,0,0,16,0.875
5680,13,2,0,0,0,15,0.8666666666666667
5681,12,2,0,0,0,14,0.8571428571428571
5682,12,1,0,0,0,13,0.9230769230769231
5683,11,2,0,0,0,13,0.8461538461538461
5684,12,2,0,0,0,14,0.8571428571428571
5685,12,2,0,0,0,14,0.8571428571428571
5686,14,1,0,0,0,15,0.9333333333333333
5687,11,2,0,0,0,13,0.8461538461538461
5688,10,2,0,0,0,12,0.8333333333333334
5689,11,2,0,0,0,13,0.8461538461538461
5690,12,2,0,0,0,14,0.8571428571428571
5691,11,2,0,0,0,13,0.8461538461538461
5692,11,1,0,0,0,12,0.9166666666666666
5693,12,2,0,0,0,14,0.8571428571428571
5694,13,1,0,0,0,14,0.9285714285714286
5695,12,1,0,0,0,13,0.9230769230769231
5696,12,2,0,0,0,14,0.8571428571428571
5697,13,2,0,0,0,15,0.8666666666666667
5698,11,1,0,0,0,12,0.9166666666666666
5699,12,2,0,0,0,14,0.8571428571428571
5700,13,2,0,0,0,15,0.8666666666666667
5701,14,2,0,0,0,16,0.875
5702,13,2,1,0,0,16,0.8125
5703,11,2,0,0,0,13,0.8461538461538461
5704,14,1,0,0,0,15,0.9333333333333333
5705,12,1,0,0,0,13,0.9230769230769231
5706,11,2,0,0,0,13,0.8461538461538461
5707,13,2,0,0,0,15,0.8666666666666667
5708,14,2,0,0,0,16,0.875
5709,14,2,0,0,0,16,0.875
5710,11,1,0,0,0,12,0.9166666666666666
5711,13,2,0,0,0,15,0.8666666666666667
5712,13,2,0,0,0,15,0.8666666666666667
5713,12,2,0,0,0,14,0.8571428571428571
5714,11,2,0,0,0,13,0.8461538461538461
5715,12,1,0,0,0,13,0.9230769230769231
5716,12,2,0,0,0,14,0.8571428571428571
5717,12,1,0,0,0,13,0.9230769230769231
5718,11,2,0,0,0,13,0.8461538461538461
5719,12,2,0,0,0,14,0.8571428571428571
5720,12,1,0,0,0,13,0.9230769230769231
5721,13,2,0,0,0,15,0.8666666666666667
5722,11,2,0,0,0,13,0.8461538461538461
5723,13,1,0,0,0,14,0.9285714285714286
5724,11,2,0,0,0,13,0.8461538461538461
5725,12,2,0,0,0,14,0.8571428571428571
5726,12,1,1,0,0,14,0.8571428571428571
5727,11,1,0,0,0,12,0.9166666666666666
5728,11,2,0,0,0,13,0.8461538461538461
5729,11,2,0,0,0,13,0.8461538461538461
5730,12,2,0,0,0,14,0.8571428571428571
5731,11,1,0,0,0,12,0.9166666666666666
5732,12,2,0,0,0,14,0.8571428571428571
5733,11,2,0,0,0,13,0.8461538461538461
5734,11,2,0,0,0,13,0.8461538461538461
5735,12,2,0,0,0,14,0.8571428571428571
5736,11,2,0,0,0,13,0.8461538461538461
5737,13,2,0,0,0,15,0.8666666666666667
5738,12,2,0,0,0,14,0.8571428571428571
5739,13,2,0,0,0,15,0.8666666666666667
5740,11,2,0,0,0,13,0.8461538461538461
5741,13,2,0,0,0,15,0.8666666666666667
5742,12,2,0,0,0,14,0.8571428571428571
5743,13,1,0,0,0,14,0.9285714285714286
5744,13,2,0,0,0,15,0.8666666666666667
5745,14,2,0,0,0,16,0.875
5746,12,1,0,0,0,13,0.9230769230769231
5747,13,2,0,0,0,15,0.8666666666666667
5748,11,2,0,0,0,13,0.8461538461538461
5749,12,2,0,0,0,14,0.8571428571428571
5750,10,2,0,0,0,12,0.8333333333333334
5751,11,2,0,0,0,13,0.8461538461538461
5752,12,2,0,0,0,14,0.8571428571428571
5753,10,2,0,0,0,12,0.8333333333333334
5754,12,2,0,0,0,14,0.8571428571428571
5755,13,2,0,0,0,15,0.8666666666666667
5756,12,2,0,0,0,14,0.8571428571428571
5757,11,2,0,0,0,13,0.8461538461538461
5758,14,2,0,0,0,16,0.875
5759,12,2,0,0,0,14,0.8571428571428571
5760,12,2,0,0,0,14,0.8571428571428571
5761,12,2,0,0,0,14,0.8571428571428571
5762,12,2,0,0,0,14,0.8571428571428571
5763,11,2,0,0,0,13,0.8461538461538461
5764,12,2,0,0,0,14,0.8571428571428571
5765,11,2,0,0,0,13,0.8461538461538461
5766,12,2,0,0,0,14,0.8571428571428571
5767,11,2,0,0,0,13,0.8461538461538461
5768,12,2,0,0,0,14,0.8571428571428571
5769,13,2,0,0,0,15,0.8666666666666667
5770,12,2,0,0,0,14,0.8571428571428571
5771,12,2,0,0,0,14,0.8571428571428571
5772,12,2,0,0,0,14,0.8571428571428571
5773,11,2,0,0,0,13,0.8461538461538461
5774,11,2,0,0,0,13,0.8461538461538461
5775,12,2,0,0,0,14,0.8571428571428571
5776,12,2,0,0,0,14,0.8571428571428571
5777,14,2,0,0,0,16,0.875
5778,12,2,0,0,0,14,0.8571428571428571
5779,13,2,0,0,0,15,0.8666666666666667
5780,12,2,0,0,0,14,0.8571428571428571
5781,13,2,0,0,0,15,0.8666666666666667
5782,13,2,0,0,0,15,0.8666666666666667
5783,11,2,0,0,0,13,0.8461538461538461
5784,12,2,0,0,0,14,0.8571428571428571
5785,12,2,0,0,0,14,0.8571428571428571
5786,13,2,0,0,0,15,0.8666666666666667
5787,14,2,0,0,0,16,0.875
5788,12,2,0,0,0,14,0.8571428571428571
5789,12,2,0,0,0,14,0.8571428571428571
5790,12,2,0,0,0,14,0.8571428571428571
5791,11,2,0,0,0,13,0.8461538461538461
5792,12,2,0,0,0,14,0.8571428571428571
5793,12,2,0,0,0,14,0.8571428571428571
5794,12,2,0,0,0,14,0.8571428571428571
5795,14,2,0,0,0,16,0.875
5796,9,2,0,0,0,11,0.8181818181818182
5797,12,2,0,0,0,14,0.8571428571428571
5798,11,2,0,0,0,13,0.8461538461538461
5799,12,2,0,0,0,14,0.8571428571428571
5800,12,2,0,0,0,14,0.8571428571428571
5801,13,2,0,0,0,15,0.8666666666666667
5802,12,1,0,0,0,13,0.9230769230769231
5803,12,2,0,0,0,14,0.8571428571428571
5804,12,2,0,0,0,14,0.8571428571428571
5805,12,2,0,0,0,14,0.8571428571428571
5806,13,2,0,0,0,15,0.8666666666666667
5807,13,2,0,0,0,15,0.8666666666666667
5808,12,2,0,0,0,14,0.8571428571428571
5809,10,1,0,0,0,11,0.9090909090909091
5810,12,1,0,0,0,13,0.9230769230769231
5811,11,2,0,0,0,13,0.8461538461538461
5812,12,2,0,0,0,14,0.8571428571428571
5813,11,2,0,0,0,13,0.8461538461538461
5814,12,2,0,0,0,14,0.8571428571428571
5815,12,2,0,0,0,14,0.8571428571428571
5816,13,2,0,0,0,15,0.8666666666666667
5817,12,2,0,0,0,14,0.8571428571428571
5818,12,2,0,0,0,14,0.8571428571428571
5819,11,2,0,0,0,13,0.8461538461538461
5820,11,2,0,0,0,13,0.8461538461538461
5821,11,2,0,0,0,13,0.8461538461538461
5822,11,2,0,0,0,13,0.8461538461538461
5823,11,2,0,0,0,13,0.8461538461538461
5824,12,2,0,0,0,14,0.8571428571428571
5825,12,2,0,0,0,14,0.8571428571428571
5826,11,2,0,0,0,13,0.8461538461538461
5827,12,2,0,0,0,14,0.8571428571428571
5828,12,2,0,0,0,14,0.8571428571428571
5829,12,2,0,0,0,14,0.8571428571428571
5830,13,2,0,0,0,15,0.8666666666666667
5831,11,1,0,0,0,12,0.9166666666666666
5832,11,2,0,0,0,13,0.8461538461538461
5833,11,2,0,0,0,13,0.8461538461538461
5834,12,1,0,0,0,13,0.9230769230769231
5835,13,2,1,0,0,16,0.8125
5836,12,2,0,0,0,14,0.8571428571428571
5837,12,2,0,0,0,14,0.8571428571428571
5838,12,2,0,0,0,14,0.8571428571428571
5839,11,2,0,0,0,13,0.8461538461538461
5840,10,2,0,0,0,12,0.8333333333333334
5841,11,2,0,0,0,13,0.8461538461538461
5842,11,2,0,0,0,13,0.8461538461538461
5843,12,1,0,0,0,13,0.9230769230769231
5844,11,2,0,0,0,13,0.8461538461538461
5845,12,2,0,0,0,14,0.8571428571428571
5846,12,2,0,0,0,14,0.8571428571428571
5847,11,2,0,0,0,13,0.8461538461538461
5848,11,1,0,0,0,12,0.9166666666666666
5849,12,2,0,0,0,14,0.8571428571428571
5850,11,1,0,0,0,12,0.9166666666666666
5851,10,2,0,0,0,12,0.8333333333333334
5852,12,2,0,0,0,14,0.8571428571428571
5853,10,2,0,0,0,12,0.8333333333333334
5854,12,2,0,0,0,14,0.8571428571428571
5855,13,2,0,0,0,15,0.8666666666666667
5856,12,2,0,0,0,14,0.8571428571428571
5857,12,2,0,0,0,14,0.8571428571428571
5858,10,2,0,0,0,12,0.8333333333333334
5859,11,2,0,0,0,13,0.8461538461538461
5860,12,2,0,0,0,14,0.8571428571428571
5861,11,2,0,0,0,13,0.8461538461538461
5862,11,2,0,0,0,13,0.8461538461538461
5863,10,2,0,0,0,12,0.8333333333333334
5864,11,2,0,0,0,13,0.8461538461538461
5865,13,2,0,0,0,15,0.8666666666666667
5866,12,2,0,0,0,14,0.8571428571428571
5867,12,2,1,0,0,15,0.8
5868,11,2,0,0,0,13,0.8461538461538461
5869,12,2,0,0,0,14,0.8571428571428571
5870,11,2,0,0,0,13,0.8461538461538461
5871,12,2,0,0,0,14,0.8571428571428571
5872,12,2,0,0,0,14,0.8571428571428571
5873,13,2,0,0,0,15,0.8666666666666667
5874,12,2,0,0,0,14,0.8571428571428571
5875,12,2,1,0,0,15,0.8
5876,11,2,0,0,0,13,0.8461538461538461
5877,11,2,0,0,0,13,0.8461538461538461
5878,12,2,0,0,0,14,0.8571428571428571
5879,13,2,0,0,0,15,0.8666666666666667
5880,12,2,0,0,0,14,0.8571428571428571
5881,13,2,0,0,0,15,0.8666666666666667
5882,12,2,0,0,0,14,0.8571428571428571
5883,12,2,0,0,0,14,0.8571428571428571
5884,13,2,1,0,0,16,0.8125
5885,11,2,0,0,0,13,0.8461538461538461
5886,12,2,0,0,0,14,0.8571428571428571
5887,13,2,0,0,0,15,0.8666666666666667
5888,12,2,0,0,0,14,0.8571428571428571
5889,12,2,0,0,0,14,0.8571428571428571
5890,12,2,1,0,0,15,0.8
5891,12,2,0,0,0,14,0.8571428571428571
5892,12,2,0,0,0,14,0.8571428571428571
5893,12,2,1,0,0,15,0.8
5894,10,2,0,0,0,12,0.8333333333333334
5895,13,2,0,0,0,15,0.8666666666666667
5896,11,2,0,0,0,13,0.8461538461538461
5897,13,2,0,0,0,15,0.8666666666666667
5898,13,2,0,0,0,15,0.8666666666666667
5899,11,2,1,0,0,14,0.7857142857142857
5900,12,2,0,0,0,14,0.8571428571428571
5901,12,2,0,0,0,14,0.8571428571428571
5902,12,2,1,0,0,15,0.8
5903,12,2,0,0,0,14,0.8571428571428571
5904,11,2,0,0,0,13,0.8461538461538461
5905,12,2,0,0,0,14,0.8571428571428571
5906,12,2,0,0,0,14,0.8571428571428571
5907,12,2,0,0,0,14,0.8571428571428571
5908,13,2,0,0,0,15,0.8666666666666667
5909,13,2,0,0,0,15,0.8666666666666667
5910,11,2,0,0,0,13,0.8461538461538461
5911,13,2,1,0,0,16,0.8125
5912,13,2,1,0,0,16,0.8125
5913,12,2,1,0,0,15,0.8
5914,11,2,0,0,0,13,0.8461538461538461
5915,13,2,0,0,0,15,0.8666666666666667
5916,12,2,0,0,0,14,0.8571428571428571
5917,12,2,1,0,0,15,0.8
5918,11,2,1,0,0,14,0.7857142857142857
5919,12,2,0,0,0,14,0.8571428571428571
5920,12,2,0,0,0,14,0.8571428571428571
5921,12,2,0,0,0,14,0.8571428571428571
5922,13,2,0,0,0,15,0.8666666666666667
5923,13,2,0,0,0,15,0.8666666666666667
5924,12,2,0,0,0,14,0.8571428571428571
5925,13,2,1,0,0,16,0.8125
5926,14,2,0,0,0,16,0.875
5927,13,2,0,0,0,15,0.8666666666666667
5928,11,2,1,0,0,14,0.7857142857142857
5929,12,2,0,0,0,14,0.8571428571428571
5930,12,2,0,0,0,14,0.8571428571428571
5931,12,2,0,0,0,14,0.8571428571428571
5932,13,2,0,0,0,15,0.8666666666666667
5933,13,2,0,0,0,15,0.8666666666666667
5934,12,2,1,0,0,15,0.8
5935,13,2,0,0,0,15,0.8666666666666667
5936,12,2,0,0,0,14,0.8571428571428571
5937,12,2,0,0,0,14,0.8571428571428571
5938,10,2,0,0,0,12,0.8333333333333334
5939,13,2,0,0,0,15,0.8666666666666667
5940,12,2,0,0,0,14,0.8571428571428571
5941,11,2,0,0,0,13,0.8461538461538461
5942,12,2,0,0,0,14,0.8571428571428571
5943,12,2,0,0,0,14,0.8571428571428571
5944,12,2,0,0,0,14,0.8571428571428571
5945,11,2,0,0,0,13,0.8461538461538461
5946,12,2,0,0,0,14,0.8571428571428571
5947,12,2,1,0,0,15,0.8
5948,11,2,1,0,0,14,0.7857142857142857
5949,11,2,0,0,0,13,0.8461538461538461
5950,13,2,0,0,0,15,0.8666666666666667
5951,11,2,0,0,0,13,0.8461538461538461
5952,13,2,0,0,0,15,0.8666666666666667
5953,11,2,0,0,0,13,0.8461538461538461
5954,12,2,0,0,0,14,0.8571428571428571
5955,11,2,0,0,0,13,0.8461538461538461
5956,10,2,0,0,0,12,0.8333333333333334
5957,13,2,0,0,0,15,0.8666666666666667
5958,14,2,0,0,0,16,0.875
5959,13,2,0,0,0,15,0.8666666666666667
5960,13,2,0,0,0,15,0.8666666666666667
5961,12,2,0,0,0,14,0.8571428571428571
5962,14,2,0,0,0,16,0.875
5963,14,2,0,0,0,16,0.875
5964,13,2,0,0,0,15,0.8666666666666667
5965,14,1,0,0,0,15,0.9333333333333333
5966,14,2,0,0,0,16,0.875
5967,13,2,0,0,0,15,0.8666666666666667
5968,14,2,0,0,0,16,0.875
5969,12,2,1,0,0,15,0.8
5970,14,2,1,0,0,17,0.8235294117647058
5971,14,2,0,0,0,16,0.875
5972,13,2,1,0,0,16,0.8125
5973,11,2,0,0,0,13,0.8461538461538461
5974,13,2,1,0,0,16,0.8125
5975,12,2,1,0,0,15,0.8
5976,12,2,0,0,0,14,0.8571428571428571
5977,13,2,1,0,0,16,0.8125
5978,13,2,0,0,0,15,0.8666666666666667
5979,11,2,1,0,0,14,0.7857142857142857
5980,11,2,1,0,0,14,0.7857142857142857
5981,13,2,1,0,0,16,0.8125
5982,12,2,1,0,0,15,0.8
5983,13,2,0,0,0,15,0.8666666666666667
5984,12,2,0,0,0,14,0.8571428571428571
5985,14,2,0,0,0,16,0.875
5986,12,2,0,0,0,14,0.8571428571428571
5987,12,2,1,0,0,15,0.8
5988,12,2,0,0,0,14,0.8571428571428571
5989,14,2,0,0,0,16,0.875
5990,13,2,0,0,0,15,0.8666666666666667
5991,14,2,0,0,0,16,0.875
5992,13,2,0,0,0,15,0.8666666666666667
5993,13,2,1,0,0,16,0.8125
5994,14,2,1,0,0,17,0.8235294117647058
5995,13,2,0,0,0,15,0.8666666666666667
5996,14,2,0,0,0,16,0.875
5997,12,2,0,0,0,14,0.8571428571428571
5998,13,2,0,0,0,15,0.8666666666666667
5999,13,2,1,0,0,16,0.8125
6000,14,2,0,0,0,16,0.875
6001,12,2,1,0,0,15,0.8
6002,13,2,0,0,0,15,0.8666666666666667
6003,13,2,2,0,0,17,0.7647058823529411
6004,13,2,1,0,0,16,0.8125
6005,13,2,1,0,0,16,0.8125
6006,12,2,1,0,0,15,0.8
6007,14,2,1,0,0,17,0.8235294117647058
6008,13,2,1,0,0,16,0.8125
6009,13,2,0,0,0,15,0.8666666666666667
6010,12,2,0,0,0,14,0.8571428571428571
6011,12,2,1,0,0,15,0.8
6012,12,2,0,0,0,14,0.8571428571428571
6013,13,2,1,0,0,16,0.8125
6014,13,2,0,0,0,15,0.8666666666666667
6015,13,2,1,0,0,16,0.8125
6016,11,2,1,0,0,14,0.7857142857142857
6017,11,2,0,0,0,13,0.8461538461538461
6018,13,2,0,0,0,15,0.8666666666666667
6019,12,2,0,0,0,14,0.8571428571428571
6020,11,2,1,0,0,14,0.7857142857142857
6021,12,2,1,0,0,15,0.8
6022,11,2,0,0,0,13,0.8461538461538461
6023,12,2,0,0,0,14,0.8571428571428571
6024,13,2,0,0,0,15,0.8666666666666667
6025,12,2,0,0,0,14,0.8571428571428571
6026,13,2,1,0,0,16,0.8125
6027,14,2,1,0,0,17,0.8235294117647058
6028,11,2,1,0,0,14,0.7857142857142857
6029,14,2,1,0,0,17,0.8235294117647058
6030,10,1,1,0,0,12,0.8333333333333334
6031,12,2,0,0,0,14,0.8571428571428571
6032,12,2,1,0,0,15,0.8
6033,12,2,1,0,0,15,0.8
6034,11,2,1,0,0,14,0.7857142857142857
6035,12,2,0,0,0,14,0.8571428571428571
6036,12,2,0,0,0,14,0.8571428571428571
6037,11,2,1,0,0,14,0.7857142857142857
6038,12,2,0,0,0,14,0.8571428571428571
6039,12,2,1,0,0,15,0.8
6040,11,2,0,0,0,13,0.8461538461538461
6041,11,2,0,0,0,13,0.8461538461538461
6042,10,2,1,0,0,13,0.7692307692307693
6043,12,2,0,0,0,14,0.8571428571428571
6044,12,2,1,0,0,15,0.8
6045,13,2,0,0,0,15,0.8666666666666667
6046,12,2,0,0,0,14,0.8571428571428571
6047,12,2,1,0,0,15,0.8
6048,11,2,1,0,0,14,0.7857142857142857
6049,11,2,0,0,0,13,0.8461538461538461
6050,12,2,0,0,0,14,0.8571428571428571
6051,13,2,0,0,0,15,0.8666666666666667
6052,12,2,0,0,0,14,0.8571428571428571
6053,13,2,0,0,0,15,0.8666666666666667
6054,11,2,1,0,0,14,0.7857142857142857
6055,10,2,0,0,0,12,0.8333333333333334
6056,12,2,0,0,0,14,0.8571428571428571
6057,10,2,0,0,0,12,0.8333333333333334
6058,9,2,1,0,0,12,0.75
6059,10,2,0,0,0,12,0.8333333333333334
6060,12,2,0,0,0,14,0.8571428571428571
6061,11,2,0,0,0,13,0.8461538461538461
6062,12,2,0,0,0,14,0.8571428571428571
6063,11,1,1,0,0,13,0.8461538461538461
6064,12,2,0,0,0,14,0.8571428571428571
6065,13,2,0,0,0,15,0.8666666666666667
6066,12,2,0,0,0,14,0.8571428571428571
6067,13,2,1,0,0,16,0.8125
6068,12,2,0,0,0,14,0.8571428571428571
6069,12,2,0,0,0,14,0.8571428571428571
6070,12,2,0,0,0,14,0.8571428571428571
6071,12,2,1,0,0,15,0.8
6072,13,2,0,0,0,15,0.8666666666666667
6073,13,2,0,0,0,15,0.8666666666666667
6074,13,2,0,0,0,15,0.8666666666666667
6075,11,2,0,0,0,13,0.8461538461538461
6076,12,2,1,0,0,15,0.8
6077,12,2,1,0,0,15,0.8
6078,12,2,0,0,0,14,0.8571428571428571
6079,13,2,0,0,0,15,0.8666666666666667
6080,12,2,0,0,0,14,0.8571428571428571
6081,10,2,0,0,0,12,0.8333333333333334
6082,12,2,0,0,0,14,0.8571428571428571
6083,12,2,0,0,0,14,0.8571428571428571
6084,12,2,0,0,0,14,0.8571428571428571
6085,12,2,0,0,0,14,0.8571428571428571
6086,11,2,0,0,0,13,0.8461538461538461
6087,12,2,0,0,0,14,0.8571428571428571
6088,12,2,0,0,0,14,0.8571428571428571
6089,10,2,0,0,0,12,0.8333333333333334
6090,11,1,0,0,0,12,0.9166666666666666
6091,12,2,0,0,0,14,0.8571428571428571
6092,11,2,0,0,0,13,0.8461538461538461
6093,11,2,0,0,0,13,0.8461538461538461
6094,11,2,0,0,0,13,0.8461538461538461
6095,12,2,0,0,0,14,0.8571428571428571
6096,11,1,0,0,0,12,0.9166666666666666
6097,11,2,0,0,0,13,0.8461538461538461
6098,14,2,0,0,0,16,0.875
6099,11,1,0,0,0,12,0.9166666666666666
6100,13,1,0,0,0,14,0.9285714285714286
6101,12,2,0,0,0,14,0.8571428571428571
6102,11,2,0,0,0,13,0.8461538461538461
6103,12,1,0,0,0,13,0.9230769230769231
6104,11,2,0,0,0,13,0.8461538461538461
6105,12,2,0,0,0,14,0.8571428571428571
6106,12,2,0,0,0,14,0.8571428571428571
6107,12,2,1,0,0,15,0.8
6108,13,2,0,0,0,15,0.8666666666666667
6109,13,2,0,0,0,15,0.8666666666666667
6110,12,2,0,0,0,14,0.8571428571428571
6111,12,2,0,0,0,14,0.8571428571428571
6112,13,2,0,0,0,15,0.8666666666666667
6113,13,2,0,0,0,15,0.8666666666666667
6114,11,2,0,0,0,13,0.8461538461538461
6115,12,2,0,0,0,14,0.8571428571428571
6116,12,2,0,0,0,14,0.8571428571428571
6117,13,2,0,0,0,15,0.8666666666666667
6118,11,2,0,0,0,13,0.8461538461538461
6119,12,2,0,0,0,14,0.8571428571428571
6120,12,2,1,0,0,15,0.8
6121,13,2,0,0,0,15,0.8666666666666667
6122,13,2,0,0,0,15,0.8666666666666667
6123,13,2,0,0,0,15,0.8666666666666667
6124,11,2,0,0,0,13,0.8461538461538461
6125,12,2,0,0,0,14,0.8571428571428571
6126,12,2,0,0,0,14,0.8571428571428571
6127,13,2,0,0,0,15,0.8666666666666667
6128,13,2,0,0,0,15,0.8666666666666667
6129,12,2,0,0,0,14,0.8571428571428571
6130,13,2,0,0,0,15,0.8666666666666667
6131,12,2,0,0,0,14,0.8571428571428571
6132,11,2,0,0,0,13,0.8461538461538461
6133,12,2,0,0,0,14,0.8571428571428571
6134,11,2,0,0,0,13,0.8461538461538461
6135,13,2,0,0,0,15,0.8666666666666667
6136,13,2,0,0,0,15,0.8666666666666667
6137,13,2,0,0,0,15,0.8666666666666667
6138,13,2,0,0,0,15,0.8666666666666667
6139,13,2,0,0,0,15,0.8666666666666667
6140,13,2,0,0,0,15,0.8666666666666667
6141,12,2,0,0,0,14,0.8571428571428571
6142,13,1,0,0,0,14,0.9285714285714286
6143,13,2,0,0,0,15,0.8666666666666667
6144,13,2,0,0,0,15,0.8666666666666667
6145,13,2,0,0,0,15,0.8666666666666667
6146,14,2,0,0,0,16,0.875
6147,13,2,0,0,0,15,0.8666666666666667
6148,13,2,0,0,0,15,0.8666666666666667
6149,14,2,0,0,0,16,0.875
6150,12,2,0,0,0,14,0.8571428571428571
6151,13,2,0,0,0,15,0.8666666666666667
6152,12,2,0,0,0,14,0.8571428571428571
6153,12,2,0,0,0,14,0.8571428571428571
6154,12,2,0,0,0,14,0.8571428571428571
6155,13,2,0,0,0,15,0.8666666666666667
6156,14,2,0,0,0,16,0.875
6157,13,2,0,0,0,15,0.8666666666666667
6158,13,2,0,0,0,15,0.8666666666666667
6159,14,1,0,0,0,15,0.9333333333333333
6160,14,2,0,0,0,16,0.875
6161,14,2,0,0,0,16,0.875
6162,13,2,0,0,0,15,0.8666666666666667
6163,12,2,0,0,0,14,0.8571428571428571
6164,13,2,0,0,0,15,0.8666666666666667
6165,12,2,0,0,0,14,0.8571428571428571
6166,13,2,0,0,0,15,0.8666666666666667
6167,13,2,0,0,0,15,0.8666666666666667
6168,13,2,0,0,0,15,0.8666666666666667
6169,13,2,0,0,0,15,0.8666666666666667
6170,13,2,0,0,0,15,0.8666666666666667
6171,13,2,0,0,0,15,0.8666666666666667
6172,13,2,0,0,0,15,0.8666666666666667
6173,13,2,0,0,0,15,0.8666666666666667
6174,13,2,0,0,0,15,0.8666666666666667
6175,13,2,0,0,0,15,0.8666666666666667
6176,13,2,0,0,0,15,0.8666666666666667
6177,11,2,0,0,0,13,0.8461538461538461
6178,11,2,0,0,0,13,0.8461538461538461
6179,11,2,0,0,0,13,0.8461538461538461
6180,13,2,0,0,0,15,0.8666666666666667
6181,12,2,0,0,0,14,0.8571428571428571
6182,14,2,0,0,0,16,0.875
6183,10,2,0,0,0,12,0.8333333333333334
6184,13,2,0,0,0,15,0.8666666666666667
6185,13,2,0,0,0,15,0.8666666666666667
6186,13,2,0,0,0,15,0.8666666666666667
6187,12,2,0,0,0,14,0.8571428571428571
6188,12,2,0,0,0,14,0.8571428571428571
6189,11,1,0,0,0,12,0.9166666666666666
6190,11,1,0,0,0,12,0.9166666666666666
6191,11,1,0,0,0,12,0.9166666666666666
6192,13,2,0,0,0,15,0.8666666666666667
6193,13,2,0,0,0,15,0.8666666666666667
6194,13,2,0,0,0,15,0.8666666666666667
6195,14,2,0,0,0,16,0.875
6196,13,2,0,0,0,15,0.8666666666666667
6197,13,2,0,0,0,15,0.8666666666666667
6198,13,2,0,0,0,15,0.8666666666666667
6199,13,2,0,0,0,15,0.8666666666666667
6200,12,2,0,0,0,14,0.8571428571428571
6201,12,2,0,0,0,14,0.8571428571428571
6202,13,2,0,0,0,15,0.8666666666666667
6203,12,2,0,0,0,14,0.8571428571428571
6204,13,2,0,0,0,15,0.8666666666666667
6205,13,1,0,0,0,14,0.9285714285714286
6206,12,2,0,0,0,14,0.8571428571428571
6207,14,2,0,0,0,16,0.875
6208,12,2,0,0,0,14,0.8571428571428571
6209,12,2,0,0,0,14,0.8571428571428571
6210,12,2,1,0,0,15,0.8
6211,13,2,0,0,0,15,0.8666666666666667
6212,14,2,0,0,0,16,0.875
6213,13,2,0,0,0,15,0.8666666666666667
6214,12,1,0,0,0,13,0.9230769230769231
6215,14,2,0,0,0,16,0.875
6216,14,2,0,0,0,16,0.875
6217,12,2,0,0,0,14,0.8571428571428571
6218,14,2,0,0,0,16,0.875
6219,14,2,0,0,0,16,0.875
6220,14,2,0,0,0,16,0.875
6221,14,2,0,0,0,16,0.875
6222,14,2,0,0,0,16,0.875
6223,12,2,0,0,0,14,0.8571428571428571
6224,14,2,0,0,0,16,0.875
6225,14,2,0,0,0,16,0.875
6226,14,2,1,0,0,17,0.8235294117647058
6227,14,2,0,0,0,16,0.875
6228,13,2,0,0,0,15,0.8666666666666667
6229,14,1,1,0,0,16,0.875
6230,13,2,1,0,0,16,0.8125
6231,13,2,0,0,0,15,0.8666666666666667
6232,14,2,0,0,0,16,0.875
6233,12,2,0,0,0,14,0.8571428571428571
6234,12,2,0,0,0,14,0.8571428571428571
6235,13,2,0,0,0,15,0.8666666666666667
6236,13,2,0,0,0,15,0.8666666666666667
6237,13,2,0,0,0,15,0.8666666666666667
6238,13,2,0,0,0,15,0.8666666666666667
6239,13,2,0,0,0,15,0.8666666666666667
6240,13,2,0,0,0,15,0.8666666666666667
6241,12,2,0,0,0,14,0.8571428571428571
6242,14,2,0,0,0,16,0.875
6243,12,2,0,0,0,14,0.8571428571428571
6244,12,2,0,0,0,14,0.8571428571428571
6245,12,2,0,0,0,14,0.8571428571428571
6246,13,2,0,0,0,15,0.8666666666666667
6247,13,2,0,0,0,15,0.8666666666666667
6248,12,2,0,0,0,14,0.8571428571428571
6249,13,2,1,0,0,16,0.8125
6250,13,2,0,0,0,15,0.8666666666666667
6251,12,2,0,0,0,14,0.8571428571428571
6252,13,2,0,0,0,15,0.8666666666666667
6253,12,2,0,0,0,14,0.8571428571428571
6254,12,2,0,0,0,14,0.8571428571428571
6255,12,2,0,0,0,14,0.8571428571428571
6256,13,2,0,0,0,15,0.8666666666666667
6257,14,2,0,0,0,16,0.875
6258,12,2,0,0,0,14,0.8571428571428571
6259,13,2,0,0,0,15,0.8666666666666667
6260,13,2,0,0,0,15,0.8666666666666667
6261,13,2,0,0,0,15,0.8666666666666667
6262,12,2,0,0,0,14,0.8571428571428571
6263,13,2,0,0,0,15,0.8666666666666667
6264,13,2,0,0,0,15,0.8666666666666667
6265,12,2,0,0,0,14,0.8571428571428571
6266,12,2,1,0,0,15,0.8
6267,10,2,0,0,0,12,0.8333333333333334
6268,13,2,1,0,0,16,0.8125
6269,13,2,0,0,0,15,0.8666666666666667
6270,12,2,0,0,0,14,0.8571428571428571
6271,12,2,0,0,0,14,0.8571428571428571
6272,13,2,0,0,0,15,0.8666666666666667
6273,14,2,0,0,0,16,0.875
6274,14,2,0,0,0,16,0.875
6275,12,2,0,0,0,14,0.8571428571428571
6276,14,2,0,0,0,16,0.875
6277,13,2,0,0,0,15,0.8666666666666667
6278,13,2,1,0,0,16,0.8125
6279,13,2,0,0,0,15,0.8666666666666667
6280,12,2,0,0,0,14,0.8571428571428571
6281,13,2,0,0,0,15,0.8666666666666667
6282,12,2,0,0,0,14,0.8571428571428571
6283,14,2,0,0,0,16,0.875
6284,13,2,0,0,0,15,0.8666666666666667
6285,13,2,0,0,0,15,0.8666666666666667
6286,13,2,0,0,0,15,0.8666666666666667
6287,12,2,0,0,0,14,0.8571428571428571
6288,14,2,0,0,0,16,0.875
6289,12,2,1,0,0,15,0.8
6290,15,2,0,0,0,17,0.8823529411764706
6291,13,2,0,0,0,15,0.8666666666666667
6292,14,2,0,0,0,16,0.875
6293,13,2,0,0,0,15,0.8666666666666667
6294,14,2,0,0,0,16,0.875
6295,12,2,0,0,0,14,0.8571428571428571
6296,13,2,0,0,0,15,0.8666666666666667
6297,13,2,0,0,0,15,0.8666666666666667
6298,14,2,0,0,0,16,0.875
6299,13,2,0,0,0,15,0.8666666666666667
6300,13,2,0,0,0,15,0.8666666666666667
6301,13,2,0,0,0,15,0.8666666666666667
6302,13,2,0,0,0,15,0.8666666666666667
6303,11,2,0,0,0,13,0.8461538461538461
6304,13,2,0,0,0,15,0.8666666666666667
6305,13,2,0,0,0,15,0.8666666666666667
6306,13,2,1,0,0,16,0.8125
6307,12,2,0,0,0,14,0.8571428571428571
6308,11,2,0,0,0,13,0.8461538461538461
6309,12,2,0,0,0,14,0.8571428571428571
6310,12,2,0,0,0,14,0.8571428571428571
6311,14,2,0,0,0,16,0.875
6312,14,2,0,0,0,16,0.875
6313,14,2,0,0,0,16,0.875
6314,14,2,0,0,0,16,0.875
6315,13,2,0,0,0,15,0.8666666666666667
6316,13,2,0,0,0,15,0.8666666666666667
6317,15,2,0,0,0,17,0.8823529411764706
6318,14,2,0,0,0,16,0.875
6319,12,2,0,0,0,14,0.8571428571428571
6320,13,2,0,0,0,15,0.8666666666666667
6321,12,2,0,0,0,14,0.8571428571428571
6322,13,2,0,0,0,15,0.8666666666666667
6323,13,2,1,0,0,16,0.8125
6324,12,2,0,0,0,14,0.8571428571428571
6325,12,2,0,0,0,14,0.8571428571428571
6326,14,2,0,0,0,16,0.875
6327,14,2,0,0,0,16,0.875
6328,13,2,0,0,0,15,0.8666666666666667
6329,13,2,0,0,0,15,0.8666666666666667
6330,12,2,0,0,0,14,0.8571428571428571
6331,13,2,0,0,0,15,0.8666666666666667
6332,13,2,1,0,0,16,0.8125
6333,13,2,0,0,0,15,0.8666666666666667
6334,14,2,0,0,0,16,0.875
6335,14,2,0,0,0,16,0.875
6336,12,2,1,0,0,15,0.8
6337,13,2,0,0,0,15,0.8666666666666667
6338,13,2,1,0,0,16,0.8125
6339,14,2,1,0,0,17,0.8235294117647058
6340,12,2,0,0,0,14,0.8571428571428571
6341,13,2,0,0,0,15,0.8666666666666667
6342,12,2,0,0,0,14,0.8571428571428571
6343,12,2,0,0,0,14,0.8571428571428571
6344,12,2,0,0,0,14,0.8571428571428571
6345,15,2,0,0,0,17,0.8823529411764706
6346,12,2,0,0,0,14,0.8571428571428571
6347,12,2,0,0,0,14,0.8571428571428571
6348,13,2,0,0,0,15,0.8666666666666667
6349,13,2,0,0,0,15,0.8666666666666667
6350,14,2,0,0,0,16,0.875
6351,11,2,1,0,0,14,0.7857142857142857
6352,13,2,1,0,0,16,0.8125
6353,12,2,1,0,0,15,0.8
6354,13,2,1,0,0,16,0.8125
6355,14,2,0,0,0,16,0.875
6356,13,2,1,0,0,16,0.8125
6357,13,2,0,0,0,15,0.8666666666666667
6358,13,2,1,0,0,16,0.8125
6359,13,2,1,0,0,16,0.8125
6360,13,2,1,0,0,16,0.8125
6361,11,2,0,0,0,13,0.8461538461538461
6362,13,2,0,0,0,15,0.8666666666666667
6363,13,2,0,0,0,15,0.8666666666666667
6364,13,2,1,0,0,16,0.8125
6365,12,2,0,0,0,14,0.8571428571428571
6366,12,2,0,0,0,14,0.8571428571428571
6367,12,2,0,0,0,14,0.8571428571428571
6368,13,2,0,0,0,15,0.8666666666666667
6369,13,2,0,0,0,15,0.8666666666666667
6370,11,2,0,0,0,13,0.8461538461538461
6371,13,2,1,0,0,16,0.8125
6372,12,2,1,0,0,15,0.8
6373,13,2,0,0,0,15,0.8666666666666667
6374,13,2,0,0,0,15,0.8666666666666667
6375,13,2,0,0,0,15,0.8666666666666667
6376,10,2,1,0,0,13,0.7692307692307693
6377,11,2,0,0,0,13,0.8461538461538461
6378,12,2,0,0,0,14,0.8571428571428571
6379,12,2,0,0,0,14,0.8571428571428571
6380,12,2,0,0,0,14,0.8571428571428571
6381,12,2,0,0,0,14,0.8571428571428571
6382,12,2,0,0,0,14,0.8571428571428571
6383,12,2,0,0,0,14,0.8571428571428571
6384,13,2,1,0,0,16,0.8125
6385,12,2,1,0,0,15,0.8
6386,12,1,0,0,0,13,0.9230769230769231
6387,13,2,0,0,0,15,0.8666666666666667
6388,11,2,1,0,0,14,0.7857142857142857
6389,12,2,0,0,0,14,0.8571428571428571
6390,13,2,1,0,0,16,0.8125
6391,13,2,1,0,0,16,0.8125
6392,13,2,0,0,0,15,0.8666666666666667
6393,12,2,0,0,0,14,0.8571428571428571
6394,12,2,0,0,0,14,0.8571428571428571
6395,13,2,0,0,0,15,0.8666666666666667
6396,12,2,1,0,0,15,0.8
6397,10,2,0,0,0,12,0.8333333333333334
6398,11,2,0,0,0,13,0.8461538461538461
6399,13,2,0,0,0,15,0.8666666666666667
6400,12,2,0,0,0,14,0.8571428571428571
6401,12,2,0,0,0,14,0.8571428571428571
6402,13,2,0,0,0,15,0.8666666666666667
6403,12,2,0,0,0,14,0.8571428571428571
6404,11,2,0,0,0,13,0.8461538461538461
6405,13,2,0,0,0,15,0.8666666666666667
6406,12,2,1,0,0,15,0.8
6407,12,2,0,0,0,14,0.8571428571428571
6408,12,2,0,0,0,14,0.8571428571428571
6409,13,2,0,0,0,15,0.8666666666666667
6410,12,3,1,0,0,16,0.75
6411,14,2,0,0,0,16,0.875
6412,13,2,1,0,0,16,0.8125
6413,14,2,0,0,0,16,0.875
6414,12,2,1,0,0,15,0.8
6415,13,2,1,0,0,16,0.8125
6416,13,2,0,0,0,15,0.8666666666666667
6417,12,2,1,0,0,15,0.8
6418,12,2,0,0,0,14,0.8571428571428571
6419,13,2,0,0,0,15,0.8666666666666667
6420,13,2,1,0,0,16,0.8125
6421,12,3,1,0,0,16,0.75
6422,13,2,1,0,0,16,0.8125
6423,12,2,1,0,0,15,0.8
6424,11,3,1,0,0,15,0.7333333333333333
6425,12,2,1,0,0,15,0.8
6426,11,2,1,0,0,14,0.7857142857142857
6427,11,2,0,0,0,13,0.8461538461538461
6428,12,3,1,0,0,16,0.75
6429,11,2,1,0,0,14,0.7857142857142857
6430,13,3,1,0,0,17,0.7647058823529411
6431,11,2,1,0,0,14,0.7857142857142857
6432,12,2,1,0,0,15,0.8
6433,11,3,1,0,0,15,0.7333333333333333
6434,11,2,1,0,0,14,0.7857142857142857
6435,12,2,1,0,0,15,0.8
6436,12,2,1,0,0,15,0.8
6437,13,2,1,0,0,16,0.8125
6438,12,2,1,0,0,15,0.8
6439,12,2,1,0,0,15,0.8
6440,13,2,1,0,0,16,0.8125
6441,13,2,0,0,0,15,0.8666666666666667
6442,11,2,0,0,0,13,0.8461538461538461
6443,12,2,0,0,0,14,0.8571428571428571
6444,14,2,0,0,0,16,0.875
6445,12,2,0,0,0,14,0.8571428571428571
6446,12,2,0,0,0,14,0.8571428571428571
6447,13,2,0,0,0,15,0.8666666666666667
6448,13,2,0,0,0,15,0.8666666666666667
6449,12,2,1,0,0,15,0.8
6450,12,3,0,0,0,15,0.8
6451,11,2,1,0,0,14,0.7857142857142857
6452,13,2,0,0,0,15,0.8666666666666667
6453,13,2,0,0,0,15,0.8666666666666667
6454,13,2,0,0,0,15,0.8666666666666667
6455,13,2,0,0,0,15,0.8666666666666667
6456,13,2,1,0,0,16,0.8125
6457,11,3,0,0,0,14,0.7857142857142857
6458,11,2,0,0,0,13,0.8461538461538461
6459,13,2,1,0,0,16,0.8125
6460,12,2,1,0,0,15,0.8
6461,12,2,2,0,0,16,0.75
6462,12,2,1,0,0,15,0.8
6463,12,2,0,0,0,14,0.8571428571428571
6464,13,2,1,0,0,16,0.8125
6465,14,2,0,0,0,16,0.875
6466,12,2,1,0,0,15,0.8
6467,13,2,0,0,0,15,0.8666666666666667
6468,11,2,1,0,0,14,0.7857142857142857
6469,12,2,1,0,0,15,0.8
6470,14,2,0,0,0,16,0.875
6471,11,2,0,0,0,13,0.8461538461538461
6472,13,2,0,0,0,15,0.8666666666666667
6473,12,2,0,0,0,14,0.8571428571428571
6474,11,2,0,0,0,13,0.8461538461538461
6475,13,2,1,0,0,16,0.8125
6476,13,2,1,0,0,16,0.8125
6477,12,2,1,0,0,15,0.8
6478,12,2,1,0,0,15,0.8
6479,14,2,1,0,0,17,0.8235294117647058
6480,13,2,0,0,0,15,0.8666666666666667
6481,12,2,0,0,0,14,0.8571428571428571
6482,13,2,1,0,0,16,0.8125
6483,13,2,0,0,0,15,0.8666666666666667
6484,11,2,0,0,0,13,0.8461538461538461
6485,13,2,0,0,0,15,0.8666666666666667
6486,13,2,0,0,0,15,0.8666666666666667
6487,13,2,0,0,0,15,0.8666666666666667
6488,12,2,0,0,0,14,0.8571428571428571
6489,11,2,0,0,0,13,0.8461538461538461
6490,12,2,0,0,0,14,0.8571428571428571
6491,13,3,2,0,0,18,0.7222222222222222
6492,11,2,1,0,0,14,0.7857142857142857
6493,13,2,0,0,0,15,0.8666666666666667
6494,13,2,0,0,0,15,0.8666666666666667
6495,11,2,1,0,0,14,0.7857142857142857
6496,11,2,0,0,0,13,0.8461538461538461
6497,13,2,0,0,0,15,0.8666666666666667
6498,14,2,0,0,0,16,0.875
6499,13,2,0,0,0,15,0.8666666666666667
6500,11,2,0,0,0,13,0.8461538461538461
6501,11,2,0,0,0,13,0.8461538461538461
6502,12,2,1,0,0,15,0.8
6503,11,2,0,0,0,13,0.8461538461538461
6504,13,2,0,0,0,15,0.8666666666666667
6505,13,2,1,0,0,16,0.8125
6506,12,2,0,0,0,14,0.8571428571428571
6507,13,2,0,0,0,15,0.8666666666666667
6508,12,2,0,0,0,14,0.8571428571428571
6509,11,2,0,0,0,13,0.8461538461538461
6510,12,2,0,0,0,14,0.8571428571428571
6511,12,2,0,0,0,14,0.8571428571428571
6512,13,2,0,0,0,15,0.8666666666666667
6513,12,2,0,0,0,14,0.8571428571428571
6514,13,2,0,0,0,15,0.8666666666666667
6515,13,2,0,0,0,15,0.8666666666666667
6516,13,2,0,0,0,15,0.8666666666666667
6517,11,2,0,0,0,13,0.8461538461538461
6518,12,2,0,0,0,14,0.8571428571428571
6519,12,2,0,0,0,14,0.8571428571428571
6520,13,2,0,0,0,15,0.8666666666666667
6521,12,2,0,0,0,14,0.8571428571428571
6522,13,2,0,0,0,15,0.8666666666666667
6523,11,1,0,0,0,12,0.9166666666666666
6524,12,2,0,0,0,14,0.8571428571428571
6525,13,2,0,0,0,15,0.8666666666666667
6526,12,2,0,0,0,14,0.8571428571428571
6527,11,2,0,0,0,13,0.8461538461538461
6528,11,2,0,0,0,13,0.8461538461538461
6529,13,2,0,0,0,15,0.8666666666666667
6530,11,2,0,0,0,13,0.8461538461538461
6531,9,1,0,0,0,10,0.9
6532,12,2,0,0,0,14,0.8571428571428571
6533,13,1,0,0,0,14,0.9285714285714286
6534,11,2,0,0,0,13,0.8461538461538461
6535,13,2,0,0,0,15,0.8666666666666667
6536,13,2,0,0,0,15,0.8666666666666667
6537,11,1,0,0,0,12,0.9166666666666666
6538,12,1,0,0,0,13,0.9230769230769231
6539,13,2,0,0,0,15,0.8666666666666667
6540,12,1,0,0,0,13,0.9230769230769231
6541,11,2,0,0,0,13,0.8461538461538461
6542,13,2,0,0,0,15,0.8666666666666667
6543,13,2,0,0,0,15,0.8666666666666667
6544,12,2,0,0,0,14,0.8571428571428571
6545,12,2,0,0,0,14,0.8571428571428571
6546,13,1,0,0,0,14,0.9285714285714286
6547,11,1,0,0,0,12,0.9166666666666666
6548,12,1,0,0,0,13,0.9230769230769231
6549,14,2,0,0,0,16,0.875
6550,12,1,0,0,0,13,0.9230769230769231
6551,13,1,0,0,0,14,0.9285714285714286
6552,12,2,0,0,0,14,0.8571428571428571
6553,12,2,0,0,0,14,0.8571428571428571
6554,14,2,0,0,0,16,0.875
6555,14,2,0,0,0,16,0.875
6556,12,2,0,0,0,14,0.8571428571428571
6557,13,1,0,0,0,14,0.9285714285714286
6558,13,1,0,0,0,14,0.9285714285714286
6559,14,2,0,0,0,16,0.875
6560,13,2,0,0,0,15,0.8666666666666667
6561,13,2,0,0,0,15,0.8666666666666667
6562,13,1,0,0,0,14,0.9285714285714286
6563,12,2,0,0,0,14,0.8571428571428571
6564,13,1,0,0,0,14,0.9285714285714286
6565,13,2,0,0,0,15,0.8666666666666667
6566,13,2,0,0,0,15,0.8666666666666667
6567,13,1,0,0,0,14,0.9285714285714286
6568,13,1,0,0,0,14,0.9285714285714286
6569,14,2,0,0,0,16,0.875
6570,14,2,0,0,0,16,0.875
6571,11,2,0,0,0,13,0.8461538461538461
6572,14,2,0,0,0,16,0.875
6573,13,2,0,0,0,15,0.8666666666666667
6574,12,2,0,0,0,14,0.8571428571428571
6575,12,1,0,0,0,13,0.9230769230769231
6576,12,2,0,0,0,14,0.8571428571428571
6577,14,2,0,0,0,16,0.875
6578,13,2,0,0,0,15,0.8666666666666667
6579,13,2,0,0,0,15,0.8666666666666667
6580,13,2,0,0,0,15,0.8666666666666667
6581,13,1,0,0,0,14,0.9285714285714286
6582,13,1,0,0,0,14,0.9285714285714286
6583,11,2,0,0,0,13,0.8461538461538461
6584,13,2,0,0,0,15,0.8666666666666667
6585,14,2,0,0,0,16,0.875
6586,13,2,0,0,0,15,0.8666666666666667
6587,14,2,0,0,0,16,0.875
6588,13,1,0,0,0,14,0.9285714285714286
6589,14,2,0,0,0,16,0.875
6590,12,2,0,0,0,14,0.8571428571428571
6591,12,2,0,0,0,14,0.8571428571428571
6592,14,2,0,0,0,16,0.875
6593,13,2,0,0,0,15,0.8666666666666667
6594,13,1,0,0,0,14,0.9285714285714286
6595,13,2,0,0,0,15,0.8666666666666667
6596,13,2,0,0,0,15,0.8666666666666667
6597,13,2,0,0,0,15,0.8666666666666667
6598,14,2,0,0,0,16,0.875
6599,13,2,0,0,0,15,0.8666666666666667
6600,13,1,0,0,0,14,0.9285714285714286
6601,13,2,0,0,0,15,0.8666666666666667
6602,14,2,0,0,0,16,0.875
6603,14,2,0,0,0,16,0.875
6604,13,2,0,0,0,15,0.8666666666666667
6605,13,2,0,0,0,15,0.8666666666666667
6606,14,2,0,0,0,16,0.875
6607,12,2,0,0,0,14,0.8571428571428571
6608,14,2,0,0,0,16,0.875
6609,13,2,0,0,0,15,0.8666666666666667
6610,13,2,0,0,0,15,0.8666666666666667
6611,13,2,0,0,0,15,0.8666666666666667
6612,14,1,0,0,0,15,0.9333333333333333
6613,13,2,0,0,0,15,0.8666666666666667
6614,13,2,0,0,0,15,0.8666666666666667
6615,14,1,0,0,0,15,0.9333333333333333
6616,13,2,0,0,0,15,0.8666666666666667
6617,11,2,0,0,0,13,0.8461538461538461
6618,13,2,0,0,0,15,0.8666666666666667
6619,12,2,0,0,0,14,0.8571428571428571
6620,11,2,0,0,0,13,0.8461538461538461
6621,12,1,0,0,0,13,0.9230769230769231
6622,13,2,0,0,0,15,0.8666666666666667
6623,13,2,0,0,0,15,0.8666666666666667
6624,12,2,0,0,0,14,0.8571428571428571
6625,14,2,0,0,0,16,0.875
6626,12,2,0,0,0,14,0.8571428571428571
6627,13,1,0,0,0,14,0.9285714285714286
6628,13,2,0,0,0,15,0.8666666666666667
6629,13,2,0,0,0,15,0.8666666666666667
6630,12,2,0,0,0,14,0.8571428571428571
6631,12,1,0,0,0,13,0.9230769230769231
6632,12,1,0,0,0,13,0.9230769230769231
6633,11,1,0,0,0,12,0.9166666666666666
6634,12,2,0,0,0,14,0.8571428571428571
6635,13,2,0,0,0,15,0.8666666666666667
6636,12,2,0,0,0,14,0.8571428571428571
6637,12,2,0,0,0,14,0.8571428571428571
6638,11,2,0,0,0,13,0.8461538461538461
6639,14,2,0,0,0,16,0.875
6640,12,2,0,0,0,14,0.8571428571428571
6641,12,2,0,0,0,14,0.8571428571428571
6642,11,1,0,0,0,12,0.9166666666666666
6643,13,2,0,0,0,15,0.8666666666666667
6644,12,2,0,0,0,14,0.8571428571428571
6645,13,2,0,0,0,15,0.8666666666666667
6646,14,2,0,0,0,16,0.875
6647,14,2,0,0,0,16,0.875
6648,13,2,0,0,0,15,0.8666666666666667
6649,12,2,0,0,0,14,0.8571428571428571
6650,13,2,0,0,0,15,0.8666666666666667
6651,13,2,0,0,0,15,0.8666666666666667
6652,14,1,0,0,0,15,0.9333333333333333
6653,12,1,0,0,0,13,0.9230769230769231
6654,11,2,0,0,0,13,0.8461538461538461
6655,13,2,0,0,0,15,0.8666666666666667
6656,11,2,0,0,0,13,0.8461538461538461
6657,13,2,0,0,0,15,0.8666666666666667
6658,11,2,0,0,0,13,0.8461538461538461
6659,11,2,0,0,0,13,0.8461538461538461
6660,13,2,0,0,0,15,0.8666666666666667
6661,12,2,0,0,0,14,0.8571428571428571
6662,11,2,0,0,0,13,0.8461538461538461
6663,11,2,0,0,0,13,0.8461538461538461
6664,12,2,0,0,0,14,0.8571428571428571
6665,12,2,0,0,0,14,0.8571428571428571
6666,14,2,0,0,0,16,0.875
6667,11,2,0,0,0,13,0.8461538461538461
6668,13,2,0,0,0,15,0.8666666666666667
6669,14,2,0,0,0,16,0.875
6670,13,2,0,0,0,15,0.8666666666666667
6671,12,2,0,0,0,14,0.8571428571428571
6672,12,2,0,0,0,14,0.8571428571428571
6673,12,2,0,0,0,14,0.8571428571428571
6674,12,2,0,0,0,14,0.8571428571428571
6675,11,2,0,0,0,13,0.8461538461538461
6676,11,2,0,0,0,13,0.8461538461538461
6677,13,2,0,0,0,15,0.8666666666666667
6678,12,1,0,0,0,13,0.9230769230769231
6679,13,2,0,0,0,15,0.8666666666666667
6680,13,2,0,0,0,15,0.8666666666666667
6681,12,2,0,0,0,14,0.8571428571428571
6682,12,2,0,0,0,14,0.8571428571428571
6683,12,2,0,0,0,14,0.8571428571428571
6684,11,2,0,0,0,13,0.8461538461538461
6685,13,2,0,0,0,15,0.8666666666666667
6686,12,1,0,0,0,13,0.9230769230769231
6687,11,2,0,0,0,13,0.8461538461538461
6688,12,2,0,0,0,14,0.8571428571428571
6689,13,2,0,0,0,15,0.8666666666666667
6690,13,1,0,0,0,14,0.9285714285714286
6691,12,2,0,0,0,14,0.8571428571428571
6692,13,2,0,0,0,15,0.8666666666666667
6693,12,2,0,0,0,14,0.8571428571428571
6694,11,2,0,0,0,13,0.8461538461538461
6695,14,2,0,0,0,16,0.875
6696,12,2,0,0,0,14,0.8571428571428571
6697,14,2,0,0,0,16,0.875
6698,13,2,0,0,0,15,0.8666666666666667
6699,13,2,0,0,0,15,0.8666666666666667
6700,11,2,0,0,0,13,0.8461538461538461
6701,11,2,0,0,0,13,0.8461538461538461
6702,12,2,0,0,0,14,0.8571428571428571
6703,12,2,0,0,0,14,0.8571428571428571
6704,12,2,0,0,0,14,0.8571428571428571
6705,14,2,0,0,0,16,0.875
6706,12,2,0,0,0,14,0.8571428571428571
6707,12,2,0,0,0,14,0.8571428571428571
6708,12,2,0,0,0,14,0.8571428571428571
6709,13,2,0,0,0,15,0.8666666666666667
6710,12,2,0,0,0,14,0.8571428571428571
6711,13,2,0,0,0,15,0.8666666666666667
6712,12,2,0,0,0,14,0.8571428571428571
6713,11,2,0,0,0,13,0.8461538461538461
6714,13,2,0,0,0,15,0.8666666666666667
6715,13,2,0,0,0,15,0.8666666666666667
6716,13,2,0,0,0,15,0.8666666666666667
6717,13,2,0,0,0,15,0.8666666666666667
6718,11,1,0,0,0,12,0.9166666666666666
6719,13,2,0,0,0,15,0.8666666666666667
6720,12,2,0,0,0,14,0.8571428571428571
6721,13,2,0,0,0,15,0.8666666666666667
6722,13,2,0,0,0,15,0.8666666666666667
6723,12,2,0,0,0,14,0.8571428571428571
6724,12,2,0,0,0,14,0.8571428571428571
6725,12,1,0,0,0,13,0.9230769230769231
6726,12,2,0,0,0,14,0.8571428571428571
6727,13,2,0,0,0,15,0.8666666666666667
6728,10,2,0,0,0,12,0.8333333333333334
6729,12,2,0,0,0,14,0.8571428571428571
6730,12,2,0,0,0,14,0.8571428571428571
6731,12,1,0,0,0,13,0.9230769230769231
6732,11,1,0,0,0,12,0.9166666666666666
6733,12,2,0,0,0,14,0.8571428571428571
6734,12,2,0,0,0,14,0.8571428571428571
6735,12,2,0,0,0,14,0.8571428571428571
6736,11,2,0,0,0,13,0.8461538461538461
6737,11,2,0,0,0,13,0.8461538461538461
6738,13,2,0,0,0,15,0.8666666666666667
6739,13,1,0,0,0,14,0.9285714285714286
6740,13,2,0,0,0,15,0.8666666666666667
6741,13,2,0,0,0,15,0.8666666666666667
6742,12,2,0,0,0,14,0.8571428571428571
6743,11,2,0,0,0,13,0.8461538461538461
6744,11,2,0,0,0,13,0.8461538461538461
6745,11,2,0,0,0,13,0.8461538461538461
6746,13,1,0,0,0,14,0.9285714285714286
6747,12,2,0,0,0,14,0.8571428571428571
6748,13,2,0,0,0,15,0.8666666666666667
6749,13,1,0,0,0,14,0.9285714285714286
6750,12,2,0,0,0,14,0.8571428571428571
6751,13,1,0,0,0,14,0.9285714285714286
6752,12,2,0,0,0,14,0.8571428571428571
6753,11,2,0,0,0,13,0.8461538461538461
6754,12,2,0,0,0,14,0.8571428571428571
6755,12,2,0,0,0,14,0.8571428571428571
6756,12,2,0,0,0,14,0.8571428571428571
6757,12,1,0,0,0,13,0.9230769230769231
6758,11,2,0,0,0,13,0.8461538461538461
6759,11,2,0,0,0,13,0.8461538461538461
6760,11,2,1,0,0,14,0.7857142857142857
6761,12,2,1,0,0,15,0.8
6762,12,3,1,0,0,16,0.75
6763,13,2,1,0,0,16,0.8125
6764,13,2,0,0,0,15,0.8666666666666667
6765,13,2,0,0,0,15,0.8666666666666667
6766,12,2,0,0,0,14,0.8571428571428571
6767,13,2,0,0,0,15,0.8666666666666667
6768,12,2,0,0,0,14,0.8571428571428571
6769,12,2,0,0,0,14,0.8571428571428571
6770,12,2,0,0,0,14,0.8571428571428571
6771,13,3,1,0,0,17,0.7647058823529411
6772,12,3,1,0,0,16,0.75
6773,12,2,0,0,0,14,0.8571428571428571
6774,12,3,0,0,0,15,0.8
6775,13,2,1,0,0,16,0.8125
6776,12,2,0,0,0,14,0.8571428571428571
6777,12,2,0,0,0,14,0.8571428571428571
6778,12,2,0,0,0,14,0.8571428571428571
6779,11,2,0,0,0,13,0.8461538461538461
6780,13,2,0,0,0,15,0.8666666666666667
6781,12,2,0,0,0,14,0.8571428571428571
6782,11,2,0,0,0,13,0.8461538461538461
6783,13,2,0,0,0,15,0.8666666666666667
6784,14,2,0,0,0,16,0.875
6785,12,2,0,0,0,14,0.8571428571428571
6786,13,2,0,0,0,15,0.8666666666666667
6787,12,2,0,0,0,14,0.8571428571428571
6788,13,2,0,0,0,15,0.8666666666666667
6789,14,1,0,0,0,15,0.9333333333333333
6790,14,1,0,0,0,15,0.9333333333333333
6791,12,2,0,0,0,14,0.8571428571428571
6792,13,2,0,0,0,15,0.8666666666666667
6793,13,2,0,0,0,15,0.8666666666666667
6794,11,2,0,0,0,13,0.8461538461538461
6795,13,2,0,0,0,15,0.8666666666666667
6796,11,2,0,0,0,13,0.8461538461538461
6797,12,2,0,0,0,14,0.8571428571428571
6798,13,2,0,0,0,15,0.8666666666666667
6799,13,0,0,0,0,13,1.0
6800,13,2,0,0,0,15,0.8666666666666667
6801,12,2,0,0,0,14,0.8571428571428571
6802,14,2,0,0,0,16,0.875
6803,13,2,0,0,0,15,0.8666666666666667
6804,14,1,0,0,0,15,0.9333333333333333
6805,13,2,0,0,0,15,0.8666666666666667
6806,14,2,0,0,0,16,0.875
6807,14,2,0,0,0,16,0.875
6808,12,3,0,0,0,15,0.8
6809,12,2,0,0,0,14,0.8571428571428571
6810,12,2,0,0,0,14,0.8571428571428571
6811,13,0,0,0,0,13,1.0
6812,13,1,0,0,0,14,0.9285714285714286
6813,12,2,0,0,0,14,0.8571428571428571
6814,12,1,0,0,0,13,0.9230769230769231
6815,14,2,0,0,0,16,0.875
6816,13,2,0,0,0,15,0.8666666666666667
6817,13,2,0,0,0,15,0.8666666666666667
6818,13,1,0,0,0,14,0.9285714285714286
6819,13,1,0,0,0,14,0.9285714285714286
6820,13,1,0,0,0,14,0.9285714285714286
6821,13,2,0,0,0,15,0.8666666666666667
6822,12,2,0,0,0,14,0.8571428571428571
6823,15,2,0,0,0,17,0.8823529411764706
6824,13,2,0,0,0,15,0.8666666666666667
6825,13,2,0,0,0,15,0.8666666666666667
6826,13,2,0,0,0,15,0.8666666666666667
6827,14,2,0,0,0,16,0.875
6828,13,2,0,0,0,15,0.8666666666666667
6829,13,2,0,0,0,15,0.8666666666666667
6830,14,2,0,0,0,16,0.875
6831,13,2,0,0,0,15,0.8666666666666667
6832,13,2,0,0,0,15,0.8666666666666667
6833,13,2,0,0,0,15,0.8666666666666667
6834,12,2,0,0,0,14,0.8571428571428571
6835,13,2,0,0,0,15,0.8666666666666667
6836,13,2,0,0,0,15,0.8666666666666667
6837,13,1,0,0,0,14,0.9285714285714286
6838,12,2,0,0,0,14,0.8571428571428571
6839,13,2,0,0,0,15,0.8666666666666667
6840,13,2,0,0,0,15,0.8666666666666667
6841,12,2,0,0,0,14,0.8571428571428571
6842,12,2,0,0,0,14,0.8571428571428571
6843,12,1,0,0,0,13,0.9230769230769231
6844,12,2,0,0,0,14,0.8571428571428571
6845,13,2,0,0,0,15,0.8666666666666667
6846,13,1,0,0,0,14,0.9285714285714286
6847,14,2,0,0,0,16,0.875
6848,13,2,0,0,0,15,0.8666666666666667
6849,13,2,0,0,0,15,0.8666666666666667
6850,12,0,0,0,0,12,1.0
6851,13,1,0,0,0,14,0.9285714285714286
6852,14,2,0,0,0,16,0.875
6853,14,2,0,0,0,16,0.875
6854,14,2,0,0,0,16,0.875
6855,12,2,0,0,0,14,0.8571428571428571
6856,12,1,0,0,0,13,0.9230769230769231
6857,14,2,0,0,0,16,0.875
6858,12,1,0,0,0,13,0.9230769230769231
6859,14,2,0,0,0,16,0.875
6860,13,0,0,0,0,13,1.0
6861,13,1,0,0,0,14,0.9285714285714286
6862,14,2,0,0,0,16,0.875
6863,12,1,0,0,0,13,0.9230769230769231
6864,12,0,0,0,0,12,1.0
6865,13,2,0,0,0,15,0.8666666666666667
6866,13,2,0,0,0,15,0.8666666666666667
6867,10,2,0,0,0,12,0.8333333333333334
6868,12,2,0,0,0,14,0.8571428571428571
6869,12,1,0,0,0,13,0.9230769230769231
6870,12,1,0,0,0,13,0.9230769230769231
6871,11,1,0,0,0,12,0.9166666666666666
6872,12,2,0,0,0,14,0.8571428571428571
6873,13,1,0,0,0,14,0.9285714285714286
6874,12,1,0,0,0,13,0.9230769230769231
6875,12,1,0,0,0,13,0.9230769230769231
6876,12,0,0,0,0,12,1.0
6877,12,2,0,0,0,14,0.8571428571428571
6878,13,2,0,0,0,15,0.8666666666666667
6879,13,2,0,0,0,15,0.8666666666666667
6880,11,1,0,0,0,12,0.9166666666666666
6881,12,1,0,0,0,13,0.9230769230769231
6882,13,2,0,0,0,15,0.8666666666666667
6883,12,2,0,0,0,14,0.8571428571428571
6884,14,2,0,0,0,16,0.875
6885,14,2,0,0,0,16,0.875
6886,13,2,1,0,0,16,0.8125
6887,13,2,0,0,0,15,0.8666666666666667
6888,12,2,0,0,0,14,0.8571428571428571
6889,13,2,0,0,0,15,0.8666666666666667
6890,14,2,0,0,0,16,0.875
6891,15,2,1,0,0,18,0.8333333333333334
6892,15,3,1,0,0,19,0.7894736842105263
6893,12,2,1,0,0,15,0.8
6894,13,2,0,0,0,15,0.8666666666666667
6895,13,3,1,0,0,17,0.7647058823529411
6896,15,2,1,0,0,18,0.8333333333333334
6897,11,2,1,0,0,14,0.7857142857142857
6898,12,2,1,0,0,15,0.8
6899,12,2,1,0,0,15,0.8
6900,13,2,1,0,0,16,0.8125
6901,14,2,0,0,0,16,0.875
6902,12,2,1,0,0,15,0.8
6903,13,2,1,0,0,16,0.8125
6904,15,2,1,0,0,18,0.8333333333333334
6905,13,3,1,0,0,17,0.7647058823529411
6906,14,2,1,0,0,17,0.8235294117647058
6907,15,2,1,0,0,18,0.8333333333333334
6908,12,2,1,0,0,15,0.8
6909,13,2,1,0,0,16,0.8125
6910,14,2,1,0,0,17,0.8235294117647058
6911,14,2,1,0,0,17,0.8235294117647058
6912,14,2,1,0,0,17,0.8235294117647058
6913,15,2,1,0,0,18,0.8333333333333334
6914,13,2,1,0,0,16,0.8125
6915,13,2,1,0,0,16,0.8125
6916,13,2,1,0,0,16,0.8125
6917,14,2,1,0,0,17,0.8235294117647058
6918,14,2,1,0,0,17,0.8235294117647058
6919,11,2,1,0,0,14,0.7857142857142857
6920,12,2,1,0,0,15,0.8
6921,12,2,1,0,0,15,0.8
6922,13,2,1,0,0,16,0.8125
6923,12,2,1,0,0,15,0.8
6924,12,2,1,0,0,15,0.8
6925,9,2,1,0,0,12,0.75
6926,13,2,1,0,0,16,0.8125
6927,12,2,1,0,0,15,0.8
6928,12,2,1,0,0,15,0.8
6929,11,2,1,0,0,14,0.7857142857142857
6930,13,3,1,0,0,17,0.7647058823529411
6931,12,2,1,0,0,15,0.8
6932,14,2,1,0,0,17,0.8235294117647058
6933,13,2,1,0,0,16,0.8125
6934,12,2,1,0,0,15,0.8
6935,13,2,1,0,0,16,0.8125
6936,14,2,1,0,0,17,0.8235294117647058
6937,11,2,1,0,0,14,0.7857142857142857
6938,11,2,1,0,0,14,0.7857142857142857
6939,12,2,1,0,0,15,0.8
6940,13,2,1,0,0,16,0.8125
6941,13,2,1,0,0,16,0.8125
6942,11,2,1,0,0,14,0.7857142857142857
6943,11,2,1,0,0,14,0.7857142857142857
6944,14,2,1,0,0,17,0.8235294117647058
6945,12,2,1,0,0,15,0.8
6946,13,2,1,0,0,16,0.8125
6947,13,2,1,0,0,16,0.8125
6948,13,2,1,0,0,16,0.8125
6949,13,2,1,0,0,16,0.8125
6950,13,2,1,0,0,16,0.8125
6951,13,3,1,0,0,17,0.7647058823529411
6952,16,3,1,0,0,20,0.8
6953,11,2,1,0,0,14,0.7857142857142857
6954,14,2,1,0,0,17,0.8235294117647058
6955,13,2,1,0,0,16,0.8125
6956,14,2,1,0,0,17,0.8235294117647058
6957,14,2,1,0,0,17,0.8235294117647058
6958,13,2,1,0,0,16,0.8125
6959,13,2,1,0,0,16,0.8125
6960,13,2,1,0,0,16,0.8125
6961,13,2,1,0,0,16,0.8125
6962,13,1,1,0,0,15,0.8666666666666667
6963,15,2,1,0,0,18,0.8333333333333334
6964,11,2,1,0,0,14,0.7857142857142857
6965,15,2,1,0,0,18,0.8333333333333334
6966,13,2,1,0,0,16,0.8125
6967,11,2,1,0,0,14,0.7857142857142857
6968,14,2,1,0,0,17,0.8235294117647058
6969,14,2,1,0,0,17,0.8235294117647058
6970,13,3,1,0,0,17,0.7647058823529411
6971,15,3,1,0,0,19,0.7894736842105263
6972,13,3,1,0,0,17,0.7647058823529411
6973,14,2,1,0,0,17,0.8235294117647058
6974,13,3,0,0,0,16,0.8125
6975,15,2,1,0,0,18,0.8333333333333334
6976,13,2,1,0,0,16,0.8125
6977,12,2,1,0,0,15,0.8
6978,11,2,1,0,0,14,0.7857142857142857
6979,13,2,1,0,0,16,0.8125
6980,14,2,0,0,0,16,0.875
6981,13,2,1,0,0,16,0.8125
6982,12,2,1,0,0,15,0.8
6983,15,2,1,0,0,18,0.8333333333333334
6984,14,2,1,0,0,17,0.8235294117647058
6985,13,2,1,0,0,16,0.8125
6986,14,2,1,0,0,17,0.8235294117647058
6987,13,2,1,0,0,16,0.8125
6988,14,2,1,0,0,17,0.8235294117647058
6989,15,2,1,0,0,18,0.8333333333333334
6990,14,2,1,0,0,17,0.8235294117647058
6991,12,2,1,0,0,15,0.8
6992,12,2,1,0,0,15,0.8
6993,13,2,0,0,0,15,0.8666666666666667
6994,14,2,0,0,0,16,0.875
6995,14,2,0,0,0,16,0.875
6996,13,2,0,0,0,15,0.8666666666666667
6997,13,2,0,0,0,15,0.8666666666666667
6998,13,2,1,0,0,16,0.8125
6999,12,2,0,0,0,14,0.8571428571428571
7000,14,2,1,0,0,17,0.8235294117647058
7001,14,2,0,0,0,16,0.875
7002,13,2,0,0,0,15,0.8666666666666667
7003,14,2,0,0,0,16,0.875
7004,13,2,1,0,0,16,0.8125
7005,12,3,1,0,0,16,0.75
7006,14,3,1,0,0,18,0.7777777777777778
7007,14,3,0,0,0,17,0.8235294117647058
7008,13,2,0,0,0,15,0.8666666666666667
7009,14,3,0,0,0,17,0.8235294117647058
7010,14,2,0,0,0,16,0.875
7011,13,2,0,0,0,15,0.8666666666666667
7012,13,2,1,0,0,16,0.8125
7013,13,2,0,0,0,15,0.8666666666666667
7014,12,2,0,0,0,14,0.8571428571428571
7015,15,2,0,0,0,17,0.8823529411764706
7016,14,2,0,0,0,16,0.875
7017,13,2,0,0,0,15,0.8666666666666667
7018,14,3,1,0,0,18,0.7777777777777778
7019,11,3,1,0,0,15,0.7333333333333333
7020,12,3,0,0,0,15,0.8
7021,14,2,0,0,0,16,0.875
7022,14,2,0,0,0,16,0.875
7023,13,2,0,0,0,15,0.8666666666666667
7024,13,2,1,0,0,16,0.8125
7025,13,2,0,0,0,15,0.8666666666666667
7026,11,2,0,0,0,13,0.8461538461538461
7027,13,2,0,0,0,15,0.8666666666666667
7028,13,2,0,0,0,15,0.8666666666666667
7029,13,2,1,0,0,16,0.8125
7030,14,2,0,0,0,16,0.875
7031,13,2,0,0,0,15,0.8666666666666667
7032,13,2,0,0,0,15,0.8666666666666667
7033,14,2,1,0,0,17,0.8235294117647058
7034,13,2,1,0,0,16,0.8125
7035,14,2,0,0,0,16,0.875
7036,14,2,1,0,0,17,0.8235294117647058
7037,14,2,1,0,0,17,0.8235294117647058
7038,13,2,1,0,0,16,0.8125
7039,13,2,1,0,0,16,0.8125
7040,16,2,1,0,0,19,0.8421052631578947
7041,13,2,1,0,0,16,0.8125
7042,13,2,1,0,0,16,0.8125
7043,14,3,1,0,0,18,0.7777777777777778
7044,12,2,1,0,0,15,0.8
7045,14,2,1,0,0,17,0.8235294117647058
7046,13,2,0,0,0,15,0.8666666666666667
7047,13,2,1,0,0,16,0.8125
7048,12,2,1,0,0,15,0.8
7049,15,2,1,0,0,18,0.8333333333333334
7050,11,2,0,0,0,13,0.8461538461538461
7051,11,2,1,0,0,14,0.7857142857142857
7052,12,2,1,0,0,15,0.8
7053,11,2,1,0,0,14,0.7857142857142857
7054,13,2,1,0,0,16,0.8125
7055,15,2,1,0,0,18,0.8333333333333334
7056,15,2,1,0,0,18,0.8333333333333334
7057,13,2,1,0,0,16,0.8125
7058,13,2,1,0,0,16,0.8125
7059,14,2,1,0,0,17,0.8235294117647058
7060,14,2,1,0,0,17,0.8235294117647058
7061,15,2,0,0,0,17,0.8823529411764706
7062,15,2,0,0,0,17,0.8823529411764706
7063,13,2,1,0,0,16,0.8125
7064,15,2,1,0,0,18,0.8333333333333334
7065,14,2,0,0,0,16,0.875
7066,17,2,0,0,0,19,0.8947368421052632
7067,14,2,0,0,0,16,0.875
7068,14,2,1,0,0,17,0.8235294117647058
7069,15,2,1,0,0,18,0.8333333333333334
7070,15,2,1,0,0,18,0.8333333333333334
7071,14,2,1,0,0,17,0.8235294117647058
7072,13,2,1,0,0,16,0.8125
7073,15,2,1,0,0,18,0.8333333333333334
7074,12,2,1,0,0,15,0.8
7075,13,2,1,0,0,16,0.8125
7076,14,2,1,0,0,17,0.8235294117647058
7077,14,2,1,0,0,17,0.8235294117647058
7078,14,2,0,0,0,16,0.875
7079,12,2,0,0,0,14,0.8571428571428571
7080,14,2,1,0,0,17,0.8235294117647058
7081,14,2,1,0,0,17,0.8235294117647058
7082,12,2,1,0,0,15,0.8
7083,12,2,0,0,0,14,0.8571428571428571
7084,12,2,0,0,0,14,0.8571428571428571
7085,13,3,1,0,0,17,0.7647058823529411
7086,13,1,0,0,0,14,0.9285714285714286
7087,13,2,1,0,0,16,0.8125
7088,13,2,1,0,0,16,0.8125
7089,12,2,1,0,0,15,0.8
7090,14,2,1,0,0,17,0.8235294117647058
7091,11,2,1,0,0,14,0.7857142857142857
7092,14,2,1,0,0,17,0.8235294117647058
7093,12,2,1,0,0,15,0.8
7094,12,2,1,0,0,15,0.8
7095,12,2,1,0,0,15,0.8
7096,14,2,1,0,0,17,0.8235294117647058
7097,12,3,1,0,0,16,0.75
7098,14,2,1,0,0,17,0.8235294117647058
7099,13,2,1,0,0,16,0.8125
7100,13,2,1,0,0,16,0.8125
7101,12,2,1,0,0,15,0.8
7102,13,2,1,0,0,16,0.8125
7103,14,2,1,0,0,17,0.8235294117647058
7104,14,2,1,0,0,17,0.8235294117647058
7105,12,2,1,0,0,15,0.8
7106,12,2,1,0,0,15,0.8
7107,12,2,1,0,0,15,0.8
7108,13,2,1,0,0,16,0.8125
7109,13,3,1,0,0,17,0.7647058823529411
7110,13,3,1,0,0,17,0.7647058823529411
7111,13,2,1,0,0,16,0.8125
7112,13,3,1,0,0,17,0.7647058823529411
7113,13,3,1,0,0,17,0.7647058823529411
7114,12,2,0,0,0,14,0.8571428571428571
7115,11,3,1,0,0,15,0.7333333333333333
7116,13,3,1,0,0,17,0.7647058823529411
7117,12,2,1,0,0,15,0.8
7118,12,2,1,0,0,15,0.8
7119,13,2,1,0,0,16,0.8125
7120,13,2,1,0,0,16,0.8125
7121,14,3,1,0,0,18,0.7777777777777778
7122,13,2,1,0,0,16,0.8125
7123,11,2,1,0,0,14,0.7857142857142857
7124,13,3,1,0,0,17,0.7647058823529411
7125,13,2,1,0,0,16,0.8125
7126,13,2,1,0,0,16,0.8125
7127,13,3,1,0,0,17,0.7647058823529411
7128,13,2,1,0,0,16,0.8125
7129,13,3,1,0,0,17,0.7647058823529411
7130,13,2,1,0,0,16,0.8125
7131,11,2,0,0,0,13,0.8461538461538461
7132,11,2,1,0,0,14,0.7857142857142857
7133,12,2,0,0,0,14,0.8571428571428571
7134,12,2,1,0,0,15,0.8
7135,12,2,1,0,0,15,0.8
7136,13,2,0,0,0,15,0.8666666666666667
7137,13,2,1,0,0,16,0.8125
7138,13,2,0,0,0,15,0.8666666666666667
7139,11,3,0,0,0,14,0.7857142857142857
7140,11,2,1,0,0,14,0.7857142857142857
7141,13,2,1,0,0,16,0.8125
7142,11,2,1,0,0,14,0.7857142857142857
7143,13,2,1,0,0,16,0.8125
7144,13,2,1,0,0,16,0.8125
7145,12,2,1,0,0,15,0.8
7146,13,2,1,0,0,16,0.8125
7147,12,2,1,0,0,15,0.8
7148,13,2,1,0,0,16,0.8125
7149,11,2,1,0,0,14,0.7857142857142857
7150,12,2,1,0,0,15,0.8
7151,12,2,1,0,0,15,0.8
7152,12,2,1,0,0,15,0.8
7153,13,2,1,0,0,16,0.8125
7154,11,2,1,0,0,14,0.7857142857142857
7155,13,2,1,0,0,16,0.8125
7156,13,2,1,0,0,16,0.8125
7157,12,2,1,0,0,15,0.8
7158,13,2,1,0,0,16,0.8125
7159,12,2,1,0,0,15,0.8
7160,13,2,1,0,0,16,0.8125
7161,12,2,1,0,0,15,0.8
7162,12,2,1,0,0,15,0.8
7163,13,2,1,0,0,16,0.8125
7164,12,3,1,0,0,16,0.75
7165,13,2,1,0,0,16,0.8125
7166,11,2,1,0,0,14,0.7857142857142857
7167,13,2,1,0,0,16,0.8125
7168,12,2,1,0,0,15,0.8
7169,11,2,1,0,0,14,0.7857142857142857
7170,14,2,1,0,0,17,0.8235294117647058
7171,14,2,1,0,0,17,0.8235294117647058
7172,13,2,1,0,0,16,0.8125
7173,13,2,1,0,0,16,0.8125
7174,11,2,1,0,0,14,0.7857142857142857
7175,11,2,1,0,0,14,0.7857142857142857
7176,12,2,1,0,0,15,0.8
7177,12,2,1,0,0,15,0.8
7178,11,2,1,0,0,14,0.7857142857142857
7179,12,2,1,0,0,15,0.8
7180,11,2,1,0,0,14,0.7857142857142857
7181,12,2,1,0,0,15,0.8
7182,12,2,1,0,0,15,0.8
7183,12,2,1,0,0,15,0.8
7184,12,2,1,0,0,15,0.8
7185,11,2,1,0,0,14,0.7857142857142857
7186,12,2,1,0,0,15,0.8
7187,11,2,1,0,0,14,0.7857142857142857
7188,13,2,1,0,0,16,0.8125
7189,13,2,1,0,0,16,0.8125
7190,13,2,1,0,0,16,0.8125
7191,12,2,1,0,0,15,0.8
7192,13,2,1,0,0,16,0.8125
7193,13,2,1,0,0,16,0.8125
7194,13,2,1,0,0,16,0.8125
7195,13,2,1,0,0,16,0.8125
7196,13,2,1,0,0,16,0.8125
7197,13,2,1,0,0,16,0.8125
7198,11,2,1,0,0,14,0.7857142857142857
7199,12,2,1,0,0,15,0.8
7200,12,2,1,0,0,15,0.8
7201,12,2,1,0,0,15,0.8
7202,12,2,1,0,0,15,0.8
7203,14,2,1,0,0,17,0.8235294117647058
7204,13,2,1,0,0,16,0.8125
7205,12,2,1,0,0,15,0.8
7206,13,2,1,0,0,16,0.8125
7207,12,2,1,0,0,15,0.8
7208,13,2,1,0,0,16,0.8125
7209,13,2,1,0,0,16,0.8125
7210,11,2,0,0,0,13,0.8461538461538461
7211,11,2,1,0,0,14,0.7857142857142857
7212,13,2,1,0,0,16,0.8125
7213,14,2,1,0,0,17,0.8235294117647058
7214,12,2,1,0,0,15,0.8
7215,12,2,1,0,0,15,0.8
7216,14,2,1,0,0,17,0.8235294117647058
7217,13,2,1,0,0,16,0.8125
7218,12,2,1,0,0,15,0.8
7219,13,2,1,0,0,16,0.8125
7220,13,2,1,0,0,16,0.8125
7221,14,2,1,0,0,17,0.8235294117647058
7222,13,2,1,0,0,16,0.8125
7223,13,2,1,0,0,16,0.8125
7224,12,2,1,0,0,15,0.8
7225,13,2,1,0,0,16,0.8125
7226,12,2,1,0,0,15,0.8
7227,12,2,1,0,0,15,0.8
7228,13,2,1,0,0,16,0.8125
7229,13,2,1,0,0,16,0.8125
7230,13,2,1,0,0,16,0.8125
7231,14,2,1,0,0,17,0.8235294117647058
7232,12,3,1,0,0,16,0.75
7233,13,2,1,0,0,16,0.8125
7234,12,2,1,0,0,15,0.8
7235,13,2,1,0,0,16,0.8125
7236,13,2,1,0,0,16,0.8125
7237,12,2,1,0,0,15,0.8
7238,13,3,1,0,0,17,0.7647058823529411
7239,13,3,1,0,0,17,0.7647058823529411
7240,14,2,1,0,0,17,0.8235294117647058
7241,13,2,1,0,0,16,0.8125
7242,14,2,1,0,0,17,0.8235294117647058
7243,13,2,1,0,0,16,0.8125
7244,12,2,1,0,0,15,0.8
7245,13,2,1,0,0,16,0.8125
7246,14,2,1,0,0,17,0.8235294117647058
7247,12,2,1,0,0,15,0.8
7248,13,2,0,0,0,15,0.8666666666666667
7249,13,2,1,0,0,16,0.8125
7250,13,2,1,0,0,16,0.8125
7251,13,2,0,0,0,15,0.8666666666666667
7252,14,2,0,0,0,16,0.875
7253,14,2,0,0,0,16,0.875
7254,13,2,0,0,0,15,0.8666666666666667
7255,12,2,1,0,0,15,0.8
7256,12,2,1,0,0,15,0.8
7257,14,2,1,0,0,17,0.8235294117647058
7258,14,3,1,0,0,18,0.7777777777777778
7259,13,2,1,0,0,16,0.8125
7260,15,2,0,0,0,17,0.8823529411764706
7261,14,2,1,0,0,17,0.8235294117647058
7262,12,2,1,0,0,15,0.8
7263,14,3,0,0,0,17,0.8235294117647058
7264,14,2,0,0,0,16,0.875
7265,14,2,1,0,0,17,0.8235294117647058
7266,15,2,0,0,0,17,0.8823529411764706
7267,13,3,1,0,0,17,0.7647058823529411
7268,14,2,1,0,0,17,0.8235294117647058
7269,14,3,1,0,0,18,0.7777777777777778
7270,13,2,0,0,0,15,0.8666666666666667
7271,14,2,0,0,0,16,0.875
7272,13,2,0,0,0,15,0.8666666666666667
7273,14,2,0,0,0,16,0.875
7274,13,2,0,0,0,15,0.8666666666666667
7275,13,2,0,0,0,15,0.8666666666666667
7276,13,2,0,0,0,15,0.8666666666666667
7277,13,2,0,0,0,15,0.8666666666666667
7278,14,3,0,0,0,17,0.8235294117647058
7279,12,3,0,0,0,15,0.8
7280,14,3,0,0,0,17,0.8235294117647058
7281,15,2,0,0,0,17,0.8823529411764706
7282,13,3,0,0,0,16,0.8125
7283,13,2,0,0,0,15,0.8666666666666667
7284,14,3,0,0,0,17,0.8235294117647058
7285,14,2,0,0,0,16,0.875
7286,13,3,0,0,0,16,0.8125
7287,13,2,0,0,0,15,0.8666666666666667
7288,12,3,1,0,0,16,0.75
7289,12,2,1,0,0,15,0.8
7290,13,2,1,0,0,16,0.8125
7291,13,3,1,0,0,17,0.7647058823529411
7292,13,2,1,0,0,16,0.8125
7293,12,2,1,0,0,15,0.8
7294,13,2,1,0,0,16,0.8125
7295,14,2,1,0,0,17,0.8235294117647058
7296,13,3,1,0,0,17,0.7647058823529411
7297,13,2,1,0,0,16,0.8125
7298,12,2,1,0,0,15,0.8
7299,13,3,1,0,0,17,0.7647058823529411
7300,12,2,1,0,0,15,0.8
7301,13,2,1,0,0,16,0.8125
7302,13,2,1,0,0,16,0.8125
7303,12,2,1,0,0,15,0.8
7304,12,2,0,0,0,14,0.8571428571428571
7305,14,2,1,0,0,17,0.8235294117647058
7306,12,2,1,0,0,15,0.8
7307,13,3,1,0,0,17,0.7647058823529411
7308,15,2,0,0,0,17,0.8823529411764706
7309,11,2,1,0,0,14,0.7857142857142857
7310,13,1,0,0,0,14,0.9285714285714286
7311,13,2,1,0,0,16,0.8125
7312,11,2,0,0,0,13,0.8461538461538461
7313,11,2,0,0,0,13,0.8461538461538461
7314,14,2,1,0,0,17,0.8235294117647058
7315,14,2,0,0,0,16,0.875
7316,12,2,1,0,0,15,0.8
7317,13,2,1,0,0,16,0.8125
7318,14,2,1,0,0,17,0.8235294117647058
7319,13,2,0,0,0,15,0.8666666666666667
7320,13,2,1,0,0,16,0.8125
7321,13,2,1,0,0,16,0.8125
7322,13,2,1,0,0,16,0.8125
7323,15,3,1,0,0,19,0.7894736842105263
7324,13,3,1,0,0,17,0.7647058823529411
7325,14,2,1,0,0,17,0.8235294117647058
7326,13,2,1,0,0,16,0.8125
7327,11,2,1,0,0,14,0.7857142857142857
7328,12,2,1,0,0,15,0.8
7329,14,3,1,0,0,18,0.7777777777777778
7330,13,2,1,0,0,16,0.8125
7331,14,3,1,0,0,18,0.7777777777777778
7332,14,2,1,0,0,17,0.8235294117647058
7333,13,2,1,0,0,16,0.8125
7334,12,3,0,0,0,15,0.8
7335,14,2,0,0,0,16,0.875
7336,14,2,0,0,0,16,0.875
7337,14,2,0,0,0,16,0.875
7338,12,2,1,0,0,15,0.8
7339,13,2,1,0,0,16,0.8125
7340,14,2,0,0,0,16,0.875
7341,13,3,0,0,0,16,0.8125
7342,14,2,0,0,0,16,0.875
7343,13,2,1,0,0,16,0.8125
7344,14,2,0,0,0,16,0.875
7345,13,3,1,0,0,17,0.7647058823529411
7346,13,3,1,0,0,17,0.7647058823529411
7347,14,3,1,0,0,18,0.7777777777777778
7348,13,2,1,0,0,16,0.8125
7349,13,3,1,0,0,17,0.7647058823529411
7350,14,2,1,0,0,17,0.8235294117647058
7351,12,2,1,0,0,15,0.8
7352,13,3,1,0,0,17,0.7647058823529411
7353,14,2,1,0,0,17,0.8235294117647058
7354,13,2,1,0,0,16,0.8125
7355,12,2,1,0,0,15,0.8
7356,12,2,1,0,0,15,0.8
7357,12,2,1,0,0,15,0.8
7358,12,2,0,0,0,14,0.8571428571428571
7359,12,2,1,0,0,15,0.8
7360,13,3,1,0,0,17,0.7647058823529411
7361,13,2,1,0,0,16,0.8125
7362,12,2,1,0,0,15,0.8
7363,13,2,1,0,0,16,0.8125
7364,12,2,1,0,0,15,0.8
7365,12,2,1,0,0,15,0.8
7366,13,2,1,0,0,16,0.8125
7367,10,2,1,0,0,13,0.7692307692307693
7368,14,2,1,0,0,17,0.8235294117647058
7369,13,2,1,0,0,16,0.8125
7370,14,3,1,0,0,18,0.7777777777777778
7371,14,2,1,0,0,17,0.8235294117647058
7372,13,2,1,0,0,16,0.8125
7373,12,3,1,0,0,16,0.75
7374,13,2,1,0,0,16,0.8125
7375,13,2,1,0,0,16,0.8125
7376,13,2,0,0,0,15,0.8666666666666667
7377,13,2,0,0,0,15,0.8666666666666667
7378,13,2,1,0,0,16,0.8125
7379,15,2,1,0,0,18,0.8333333333333334
7380,12,2,1,0,0,15,0.8
7381,14,2,1,0,0,17,0.8235294117647058
7382,13,2,1,0,0,16,0.8125
7383,12,3,1,0,0,16,0.75
7384,12,3,0,0,0,15,0.8
7385,14,2,1,0,0,17,0.8235294117647058
7386,14,2,1,0,0,17,0.8235294117647058
7387,14,2,0,0,0,16,0.875
7388,13,2,1,0,0,16,0.8125
7389,12,1,0,0,0,13,0.9230769230769231
7390,15,2,1,0,0,18,0.8333333333333334
7391,12,2,1,0,0,15,0.8
7392,12,3,0,0,0,15,0.8
7393,14,2,1,0,0,17,0.8235294117647058
7394,14,2,1,0,0,17,0.8235294117647058
7395,13,2,1,0,0,16,0.8125
7396,13,2,0,0,0,15,0.8666666666666667
7397,14,2,1,0,0,17,0.8235294117647058
7398,14,2,1,0,0,17,0.8235294117647058
7399,13,2,1,0,0,16,0.8125
7400,13,3,1,0,0,17,0.7647058823529411
7401,14,2,1,0,0,17,0.8235294117647058
7402,13,2,0,0,0,15,0.8666666666666667
7403,13,2,0,0,0,15,0.8666666666666667
7404,14,2,0,0,0,16,0.875
7405,14,2,1,0,0,17,0.8235294117647058
7406,12,3,1,0,0,16,0.75
7407,13,2,0,0,0,15,0.8666666666666667
7408,13,2,0,0,0,15,0.8666666666666667
7409,14,2,0,0,0,16,0.875
7410,13,2,1,0,0,16,0.8125
7411,13,2,1,0,0,16,0.8125
7412,12,2,0,0,0,14,0.8571428571428571
7413,13,2,0,0,0,15,0.8666666666666667
7414,14,2,1,0,0,17,0.8235294117647058
7415,13,2,1,0,0,16,0.8125
7416,13,2,1,0,0,16,0.8125
7417,14,2,0,0,0,16,0.875
7418,14,2,0,0,0,16,0.875
7419,12,2,1,0,0,15,0.8
7420,12,3,1,0,0,16,0.75
7421,13,2,1,0,0,16,0.8125
7422,14,2,1,0,0,17,0.8235294117647058
7423,14,2,1,0,0,17,0.8235294117647058
7424,14,2,1,0,0,17,0.8235294117647058
7425,14,2,1,0,0,17,0.8235294117647058
7426,13,3,0,0,0,16,0.8125
7427,13,2,1,0,0,16,0.8125
7428,13,2,0,0,0,15,0.8666666666666667
7429,13,2,0,0,0,15,0.8666666666666667
7430,13,2,0,0,0,15,0.8666666666666667
7431,13,2,1,0,0,16,0.8125
7432,13,2,0,0,0,15,0.8666666666666667
7433,13,2,0,0,0,15,0.8666666666666667
7434,14,2,0,0,0,16,0.875
7435,13,2,0,0,0,15,0.8666666666666667
7436,13,2,0,0,0,15,0.8666666666666667
7437,13,2,1,0,0,16,0.8125
7438,13,3,0,0,0,16,0.8125
7439,12,2,0,0,0,14,0.8571428571428571
7440,14,2,1,0,0,17,0.8235294117647058
7441,13,2,1,0,0,16,0.8125
7442,11,2,1,0,0,14,0.7857142857142857
7443,14,2,1,0,0,17,0.8235294117647058
7444,14,2,1,0,0,17,0.8235294117647058
7445,13,2,0,0,0,15,0.8666666666666667
7446,14,2,0,0,0,16,0.875
7447,13,2,1,0,0,16,0.8125
7448,13,2,0,0,0,15,0.8666666666666667
7449,14,2,1,0,0,17,0.8235294117647058
7450,14,2,1,0,0,17,0.8235294117647058
7451,14,2,0,0,0,16,0.875
7452,13,2,0,0,0,15,0.8666666666666667
7453,13,2,1,0,0,16,0.8125
7454,12,2,0,0,0,14,0.8571428571428571
7455,14,2,0,0,0,16,0.875
7456,13,2,0,0,0,15,0.8666666666666667
7457,14,2,0,0,0,16,0.875
7458,13,2,1,0,0,16,0.8125
7459,13,2,0,0,0,15,0.8666666666666667
7460,14,2,0,0,0,16,0.875
7461,14,2,1,0,0,17,0.8235294117647058
7462,12,2,1,0,0,15,0.8
7463,14,2,0,0,0,16,0.875
7464,14,2,0,0,0,16,0.875
7465,14,2,0,0,0,16,0.875
7466,13,2,1,0,0,16,0.8125
7467,13,3,1,0,0,17,0.7647058823529411
7468,11,2,1,0,0,14,0.7857142857142857
7469,13,2,0,0,0,15,0.8666666666666667
7470,13,2,0,0,0,15,0.8666666666666667
7471,13,2,1,0,0,16,0.8125
7472,13,2,0,0,0,15,0.8666666666666667
7473,13,2,1,0,0,16,0.8125
7474,13,2,1,0,0,16,0.8125
7475,13,2,1,0,0,16,0.8125
7476,13,2,1,0,0,16,0.8125
7477,14,3,1,0,0,18,0.7777777777777778
7478,12,2,1,0,0,15,0.8
7479,14,2,0,0,0,16,0.875
7480,12,2,1,0,0,15,0.8
7481,12,2,1,0,0,15,0.8
7482,14,2,1,0,0,17,0.8235294117647058
7483,13,2,1,0,0,16,0.8125
7484,13,2,1,0,0,16,0.8125
7485,12,2,1,0,0,15,0.8
7486,13,2,1,0,0,16,0.8125
7487,13,2,0,0,0,15,0.8666666666666667
7488,14,2,0,0,0,16,0.875
7489,13,3,1,0,0,17,0.7647058823529411
7490,13,2,1,0,0,16,0.8125
7491,12,2,1,0,0,15,0.8
7492,13,2,1,0,0,16,0.8125
7493,13,2,0,0,0,15,0.8666666666666667
7494,13,2,1,0,0,16,0.8125
7495,12,2,1,0,0,15,0.8
7496,13,2,0,0,0,15,0.8666666666666667
7497,13,2,0,0,0,15,0.8666666666666667
7498,14,3,1,0,0,18,0.7777777777777778
7499,13,2,1,0,0,16,0.8125
7500,14,3,1,0,0,18,0.7777777777777778
7501,12,2,1,0,0,15,0.8
7502,12,2,1,0,0,15,0.8
7503,13,2,1,0,0,16,0.8125
7504,14,2,1,0,0,17,0.8235294117647058
7505,13,2,1,0,0,16,0.8125
7506,13,2,1,0,0,16,0.8125
7507,12,2,1,0,0,15,0.8
7508,14,3,1,0,0,18,0.7777777777777778
7509,14,3,1,0,0,18,0.7777777777777778
7510,12,2,1,0,0,15,0.8
7511,13,3,1,0,0,17,0.7647058823529411
7512,14,3,1,0,0,18,0.7777777777777778
7513,12,2,1,0,0,15,0.8
7514,13,3,1,0,0,17,0.7647058823529411
7515,13,2,1,0,0,16,0.8125
7516,13,2,1,0,0,16,0.8125
7517,12,2,1,0,0,15,0.8
7518,12,2,1,0,0,15,0.8
7519,14,2,0,0,0,16,0.875
7520,13,2,1,0,0,16,0.8125
7521,13,2,0,0,0,15,0.8666666666666667
7522,13,2,1,0,0,16,0.8125
7523,13,2,0,0,0,15,0.8666666666666667
7524,13,2,1,0,0,16,0.8125
7525,13,2,1,0,0,16,0.8125
7526,12,2,0,0,0,14,0.8571428571428571
7527,13,2,1,0,0,16,0.8125
7528,14,2,1,0,0,17,0.8235294117647058
7529,12,2,0,0,0,14,0.8571428571428571
7530,13,2,1,0,0,16,0.8125
7531,11,2,1,0,0,14,0.7857142857142857
7532,13,3,1,0,0,17,0.7647058823529411
7533,13,3,1,0,0,17,0.7647058823529411
7534,13,3,1,0,0,17,0.7647058823529411
7535,14,2,1,0,0,17,0.8235294117647058
7536,14,2,1,0,0,17,0.8235294117647058
7537,12,2,1,0,0,15,0.8
7538,14,2,0,0,0,16,0.875
7539,12,2,1,0,0,15,0.8
7540,13,2,1,0,0,16,0.8125
7541,13,2,1,0,0,16,0.8125
7542,14,2,0,0,0,16,0.875
7543,13,2,1,0,0,16,0.8125
7544,13,2,1,0,0,16,0.8125
7545,14,2,1,0,0,17,0.8235294117647058
7546,14,2,1,0,0,17,0.8235294117647058
7547,12,3,1,0,0,16,0.75
7548,14,3,1,0,0,18,0.7777777777777778
7549,13,2,1,0,0,16,0.8125
7550,13,2,1,0,0,16,0.8125
7551,14,2,1,0,0,17,0.8235294117647058
7552,13,2,1,0,0,16,0.8125
7553,14,3,1,0,0,18,0.7777777777777778
7554,12,2,1,0,0,15,0.8
7555,13,2,1,0,0,16,0.8125
7556,13,2,1,0,0,16,0.8125
7557,12,2,1,0,0,15,0.8
7558,13,3,1,0,0,17,0.7647058823529411
7559,12,2,1,0,0,15,0.8
7560,12,2,1,0,0,15,0.8
7561,13,2,1,0,0,16,0.8125
7562,13,3,1,0,0,17,0.7647058823529411
7563,13,2,0,0,0,15,0.8666666666666667
7564,13,2,1,0,0,16,0.8125
7565,12,3,1,0,0,16,0.75
7566,12,2,1,0,0,15,0.8
7567,13,2,1,0,0,16,0.8125
7568,12,2,1,0,0,15,0.8
7569,12,2,1,0,0,15,0.8
7570,13,2,1,0,0,16,0.8125
7571,13,2,1,0,0,16,0.8125
7572,12,2,1,0,0,15,0.8
7573,11,2,1,0,0,14,0.7857142857142857
7574,12,2,1,0,0,15,0.8
7575,12,3,1,0,0,16,0.75
7576,11,3,1,0,0,15,0.7333333333333333
7577,13,2,1,0,0,16,0.8125
7578,14,2,1,0,0,17,0.8235294117647058
7579,13,2,1,0,0,16,0.8125
7580,11,2,1,0,0,14,0.7857142857142857
7581,12,2,1,0,0,15,0.8
7582,13,2,1,0,0,16,0.8125
7583,12,2,1,0,0,15,0.8
7584,13,2,1,0,0,16,0.8125
7585,12,2,1,0,0,15,0.8
7586,12,2,1,0,0,15,0.8
7587,12,2,1,0,0,15,0.8
7588,12,2,1,0,0,15,0.8
7589,12,2,1,0,0,15,0.8
7590,13,2,1,0,0,16,0.8125
7591,12,2,1,0,0,15,0.8
7592,12,2,0,0,0,14,0.8571428571428571
7593,12,2,1,0,0,15,0.8
7594,13,2,0,0,0,15,0.8666666666666667
7595,12,3,1,0,0,16,0.75
7596,12,2,1,0,0,15,0.8
7597,12,2,1,0,0,15,0.8
7598,12,3,1,0,0,16,0.75
7599,12,2,1,0,0,15,0.8
7600,13,2,1,0,0,16,0.8125
7601,10,2,1,0,0,13,0.7692307692307693
7602,13,2,1,0,0,16,0.8125
7603,12,2,1,0,0,15,0.8
7604,13,2,1,0,0,16,0.8125
7605,13,2,1,0,0,16,0.8125
7606,12,2,1,0,0,15,0.8
7607,12,2,1,0,0,15,0.8
7608,13,2,1,0,0,16,0.8125
7609,12,2,1,0,0,15,0.8
7610,12,2,1,0,0,15,0.8
7611,12,2,1,0,0,15,0.8
7612,14,2,1,0,0,17,0.8235294117647058
7613,14,2,1,0,0,17,0.8235294117647058
7614,12,2,1,0,0,15,0.8
7615,12,2,1,0,0,15,0.8
7616,14,2,1,0,0,17,0.8235294117647058
7617,13,2,1,0,0,16,0.8125
7618,14,2,1,0,0,17,0.8235294117647058
7619,13,3,1,0,0,17,0.7647058823529411
7620,13,2,1,0,0,16,0.8125
7621,14,2,1,0,0,17,0.8235294117647058
7622,12,2,1,0,0,15,0.8
7623,12,2,1,0,0,15,0.8
7624,12,2,1,0,0,15,0.8
7625,13,2,1,0,0,16,0.8125
7626,15,3,1,0,0,19,0.7894736842105263
7627,13,2,1,0,0,16,0.8125
7628,13,3,1,0,0,17,0.7647058823529411
7629,13,2,1,0,0,16,0.8125
7630,12,2,1,0,0,15,0.8
7631,13,2,1,0,0,16,0.8125
7632,13,2,1,0,0,16,0.8125
7633,12,2,1,0,0,15,0.8
7634,14,2,1,0,0,17,0.8235294117647058
7635,12,3,1,0,0,16,0.75
7636,12,2,1,0,0,15,0.8
7637,13,2,1,0,0,16,0.8125
7638,12,2,1,0,0,15,0.8
7639,11,2,1,0,0,14,0.7857142857142857
7640,13,2,1,0,0,16,0.8125
7641,11,2,1,0,0,14,0.7857142857142857
7642,11,2,1,0,0,14,0.7857142857142857
7643,12,2,1,0,0,15,0.8
7644,14,2,1,0,0,17,0.8235294117647058
7645,12,2,1,0,0,15,0.8
7646,13,2,1,0,0,16,0.8125
7647,11,2,1,0,0,14,0.7857142857142857
7648,13,2,1,0,0,16,0.8125
7649,13,2,1,0,0,16,0.8125
7650,13,2,1,0,0,16,0.8125
7651,13,2,1,0,0,16,0.8125
7652,11,2,1,0,0,14,0.7857142857142857
7653,12,2,1,0,0,15,0.8
7654,12,2,1,0,0,15,0.8
7655,13,2,1,0,0,16,0.8125
7656,14,2,1,0,0,17,0.8235294117647058
7657,12,2,1,0,0,15,0.8
7658,13,2,1,0,0,16,0.8125
7659,12,2,1,0,0,15,0.8
7660,11,2,1,0,0,14,0.7857142857142857
7661,12,2,1,0,0,15,0.8
7662,14,2,1,0,0,17,0.8235294117647058
7663,11,2,1,0,0,14,0.7857142857142857
7664,13,2,1,0,0,16,0.8125
7665,12,2,1,0,0,15,0.8
7666,11,2,1,0,0,14,0.7857142857142857
7667,16,2,1,0,0,19,0.8421052631578947
7668,13,2,1,0,0,16,0.8125
7669,13,2,1,0,0,16,0.8125
7670,13,2,1,0,0,16,0.8125
7671,13,2,1,0,0,16,0.8125
7672,12,2,1,0,0,15,0.8
7673,13,2,1,0,0,16,0.8125
7674,13,2,0,0,0,15,0.8666666666666667
7675,12,2,1,0,0,15,0.8
7676,11,2,1,0,0,14,0.7857142857142857
7677,12,2,1,0,0,15,0.8
7678,14,2,1,0,0,17,0.8235294117647058
7679,13,3,1,0,0,17,0.7647058823529411
7680,13,2,1,0,0,16,0.8125
7681,14,2,1,0,0,17,0.8235294117647058
7682,13,2,1,0,0,16,0.8125
7683,12,2,1,0,0,15,0.8
7684,15,2,1,0,0,18,0.8333333333333334
7685,11,2,1,0,0,14,0.7857142857142857
7686,12,3,1,0,0,16,0.75
7687,13,2,1,0,0,16,0.8125
7688,13,2,0,0,0,15,0.8666666666666667
7689,12,2,1,0,0,15,0.8
7690,12,2,1,0,0,15,0.8
7691,13,2,1,0,0,16,0.8125
7692,13,2,1,0,0,16,0.8125
7693,12,2,1,0,0,15,0.8
7694,13,3,1,0,0,17,0.7647058823529411
7695,11,2,1,0,0,14,0.7857142857142857
7696,13,2,1,0,0,16,0.8125
7697,13,3,1,0,0,17,0.7647058823529411
7698,12,2,1,0,0,15,0.8
7699,14,3,1,0,0,18,0.7777777777777778
7700,14,2,1,0,0,17,0.8235294117647058
7701,14,2,1,0,0,17,0.8235294117647058
7702,13,3,1,0,0,17,0.7647058823529411
7703,12,2,1,0,0,15,0.8
7704,13,2,1,0,0,16,0.8125
7705,11,2,1,0,0,14,0.7857142857142857
7706,14,2,1,0,0,17,0.8235294117647058
7707,12,2,1,0,0,15,0.8
7708,11,2,0,0,0,13,0.8461538461538461
7709,14,2,1,0,0,17,0.8235294117647058
7710,11,2,1,0,0,14,0.7857142857142857
7711,11,2,1,0,0,14,0.7857142857142857
7712,13,2,1,0,0,16,0.8125
7713,11,1,1,0,0,13,0.8461538461538461
7714,13,2,0,0,0,15,0.8666666666666667
7715,12,2,1,0,0,15,0.8
7716,13,1,1,0,0,15,0.8666666666666667
7717,12,2,1,0,0,15,0.8
7718,11,2,1,0,0,14,0.7857142857142857
7719,13,2,1,0,0,16,0.8125
7720,12,3,1,0,0,16,0.75
7721,15,2,1,0,0,18,0.8333333333333334
7722,12,2,1,0,0,15,0.8
7723,11,3,1,0,0,15,0.7333333333333333
7724,11,2,1,0,0,14,0.7857142857142857
7725,13,2,1,0,0,16,0.8125
7726,12,2,1,0,0,15,0.8
7727,13,2,1,0,0,16,0.8125
7728,14,2,1,0,0,17,0.8235294117647058
7729,12,3,1,0,0,16,0.75
7730,13,2,1,0,0,16,0.8125
7731,12,3,1,0,0,16,0.75
7732,11,3,1,0,0,15,0.7333333333333333
7733,12,2,1,0,0,15,0.8
7734,13,3,1,0,0,17,0.7647058823529411
7735,12,2,1,0,0,15,0.8
7736,13,2,1,0,0,16,0.8125
7737,15,2,1,0,0,18,0.8333333333333334
7738,12,2,1,0,0,15,0.8
7739,13,2,1,0,0,16,0.8125
7740,14,2,1,0,0,17,0.8235294117647058
7741,11,2,1,0,0,14,0.7857142857142857
7742,14,2,1,0,0,17,0.8235294117647058
7743,13,2,1,0,0,16,0.8125
7744,10,2,1,0,0,13,0.7692307692307693
7745,13,1,1,0,0,15,0.8666666666666667
7746,12,3,1,0,0,16,0.75
7747,12,2,1,0,0,15,0.8
7748,13,2,1,0,0,16,0.8125
7749,14,2,1,0,0,17,0.8235294117647058
7750,12,2,1,0,0,15,0.8
7751,14,2,1,0,0,17,0.8235294117647058
7752,13,2,1,0,0,16,0.8125
7753,13,2,1,0,0,16,0.8125
7754,12,3,1,0,0,16,0.75
7755,14,2,1,0,0,17,0.8235294117647058
7756,12,2,1,0,0,15,0.8
7757,13,3,1,0,0,17,0.7647058823529411
7758,12,3,1,0,0,16,0.75
7759,12,3,1,0,0,16,0.75
7760,13,2,1,0,0,16,0.8125
7761,13,2,1,0,0,16,0.8125
7762,14,2,1,0,0,17,0.8235294117647058
7763,14,2,1,0,0,17,0.8235294117647058
7764,14,2,1,0,0,17,0.8235294117647058
7765,11,2,0,0,0,13,0.8461538461538461
7766,13,2,1,0,0,16,0.8125
7767,13,2,1,0,0,16,0.8125
7768,13,2,1,0,0,16,0.8125
7769,13,2,1,0,0,16,0.8125
7770,13,2,1,0,0,16,0.8125
7771,12,3,1,0,0,16,0.75
7772,12,2,1,0,0,15,0.8
7773,13,2,1,0,0,16,0.8125
7774,14,2,1,0,0,17,0.8235294117647058
7775,14,2,1,0,0,17,0.8235294117647058
7776,13,2,1,0,0,16,0.8125
7777,13,2,1,0,0,16,0.8125
7778,13,2,1,0,0,16,0.8125
7779,14,2,1,0,0,17,0.8235294117647058
7780,14,2,1,0,0,17,0.8235294117647058
7781,14,2,1,0,0,17,0.8235294117647058
7782,14,2,1,0,0,17,0.8235294117647058
7783,14,2,1,0,0,17,0.8235294117647058
7784,14,2,1,0,0,17,0.8235294117647058
7785,12,2,1,0,0,15,0.8
7786,13,2,1,0,0,16,0.8125
7787,13,2,1,0,0,16,0.8125
7788,13,2,1,0,0,16,0.8125
7789,11,2,1,0,0,14,0.7857142857142857
7790,13,2,1,0,0,16,0.8125
7791,14,3,1,0,0,18,0.7777777777777778
7792,12,2,1,0,0,15,0.8
7793,15,2,1,0,0,18,0.8333333333333334
7794,12,2,1,0,0,15,0.8
7795,14,2,1,0,0,17,0.8235294117647058
7796,14,2,1,0,0,17,0.8235294117647058
7797,14,2,1,0,0,17,0.8235294117647058
7798,15,2,1,0,0,18,0.8333333333333334
7799,12,2,1,0,0,15,0.8
7800,13,1,1,0,0,15,0.8666666666666667
7801,15,2,1,0,0,18,0.8333333333333334
7802,15,2,1,0,0,18,0.8333333333333334
7803,13,2,1,0,0,16,0.8125
7804,14,2,1,0,0,17,0.8235294117647058
7805,15,2,0,0,0,17,0.8823529411764706
7806,14,2,1,0,0,17,0.8235294117647058
7807,15,2,1,0,0,18,0.8333333333333334
7808,11,2,1,0,0,14,0.7857142857142857
7809,12,2,1,0,0,15,0.8
7810,12,2,1,0,0,15,0.8
7811,12,2,0,0,0,14,0.8571428571428571
7812,14,2,1,0,0,17,0.8235294117647058
7813,15,2,1,0,0,18,0.8333333333333334
7814,13,2,1,0,0,16,0.8125
7815,13,2,1,0,0,16,0.8125
7816,14,2,1,0,0,17,0.8235294117647058
7817,13,2,1,0,0,16,0.8125
7818,11,2,1,0,0,14,0.7857142857142857
7819,13,2,1,0,0,16,0.8125
7820,13,2,1,0,0,16,0.8125
7821,12,2,1,0,0,15,0.8
7822,14,2,1,0,0,17,0.8235294117647058
7823,13,2,1,0,0,16,0.8125
7824,11,2,1,0,0,14,0.7857142857142857
7825,12,2,1,0,0,15,0.8
7826,14,2,1,0,0,17,0.8235294117647058
7827,11,2,1,0,0,14,0.7857142857142857
7828,14,2,1,0,0,17,0.8235294117647058
7829,13,2,1,0,0,16,0.8125
7830,12,2,0,0,0,14,0.8571428571428571
7831,13,3,1,0,0,17,0.7647058823529411
7832,9,2,0,0,0,11,0.8181818181818182
7833,12,2,1,0,0,15,0.8
7834,11,2,1,0,0,14,0.7857142857142857
7835,13,2,1,0,0,16,0.8125
7836,14,2,1,0,0,17,0.8235294117647058
7837,11,2,1,0,0,14,0.7857142857142857
7838,13,2,1,0,0,16,0.8125
7839,12,2,1,0,0,15,0.8
7840,13,2,1,0,0,16,0.8125
7841,12,2,1,0,0,15,0.8
7842,12,3,1,0,0,16,0.75
7843,13,2,1,0,0,16,0.8125
7844,12,2,1,0,0,15,0.8
7845,12,2,1,0,0,15,0.8
7846,13,2,1,0,0,16,0.8125
7847,12,2,1,0,0,15,0.8
7848,12,3,1,0,0,16,0.75
7849,12,2,0,0,0,14,0.8571428571428571
7850,13,3,1,0,0,17,0.7647058823529411
7851,14,3,1,0,0,18,0.7777777777777778
7852,14,2,1,0,0,17,0.8235294117647058
7853,13,2,1,0,0,16,0.8125
7854,13,2,1,0,0,16,0.8125
7855,12,3,1,0,0,16,0.75
7856,13,2,1,0,0,16,0.8125
7857,12,2,0,0,0,14,0.8571428571428571
7858,13,2,1,0,0,16,0.8125
7859,11,2,0,0,0,13,0.8461538461538461
7860,12,2,0,0,0,14,0.8571428571428571
7861,13,2,1,0,0,16,0.8125
7862,13,2,1,0,0,16,0.8125
7863,13,2,1,0,0,16,0.8125
7864,12,2,1,0,0,15,0.8
7865,10,2,1,0,0,13,0.7692307692307693
7866,13,2,0,0,0,15,0.8666666666666667
7867,12,2,0,0,0,14,0.8571428571428571
7868,14,2,0,0,0,16,0.875
7869,13,3,0,0,0,16,0.8125
7870,13,2,1,0,0,16,0.8125
7871,12,2,1,0,0,15,0.8
7872,12,2,1,0,0,15,0.8
7873,11,2,1,0,0,14,0.7857142857142857
7874,14,2,1,0,0,17,0.8235294117647058
7875,13,2,1,0,0,16,0.8125
7876,14,2,1,0,0,17,0.8235294117647058
7877,12,2,1,0,0,15,0.8
7878,12,2,1,0,0,15,0.8
7879,11,2,1,0,0,14,0.7857142857142857
7880,11,2,1,0,0,14,0.7857142857142857
7881,14,2,1,0,0,17,0.8235294117647058
7882,12,2,1,0,0,15,0.8
7883,11,3,1,0,0,15,0.7333333333333333
7884,15,2,1,0,0,18,0.8333333333333334
7885,13,2,0,0,0,15,0.8666666666666667
7886,13,3,0,0,0,16,0.8125
7887,14,2,1,0,0,17,0.8235294117647058
7888,12,2,1,0,0,15,0.8
7889,14,2,1,0,0,17,0.8235294117647058
7890,11,2,1,0,0,14,0.7857142857142857
7891,12,2,1,0,0,15,0.8
7892,12,2,1,0,0,15,0.8
7893,14,2,0,0,0,16,0.875
7894,13,2,1,0,0,16,0.8125
7895,11,2,0,0,0,13,0.8461538461538461
7896,14,2,1,0,0,17,0.8235294117647058
7897,12,2,1,0,0,15,0.8
7898,12,2,1,0,0,15,0.8
7899,12,2,1,0,0,15,0.8
7900,13,2,1,0,0,16,0.8125
7901,11,2,0,0,0,13,0.8461538461538461
7902,12,2,1,0,0,15,0.8
7903,15,2,1,0,0,18,0.8333333333333334
7904,13,2,1,0,0,16,0.8125
7905,14,2,1,0,0,17,0.8235294117647058
7906,13,2,1,0,0,16,0.8125
7907,11,2,1,0,0,14,0.7857142857142857
7908,13,3,1,0,0,17,0.7647058823529411
7909,13,2,1,0,0,16,0.8125
7910,14,2,1,0,0,17,0.8235294117647058
7911,12,2,1,0,0,15,0.8
7912,14,2,1,0,0,17,0.8235294117647058
7913,12,2,1,0,0,15,0.8
7914,14,2,1,0,0,17,0.8235294117647058
7915,14,2,1,0,0,17,0.8235294117647058
7916,15,2,1,0,0,18,0.8333333333333334
7917,12,2,1,0,0,15,0.8
7918,14,2,1,0,0,17,0.8235294117647058
7919,12,2,1,0,0,15,0.8
7920,13,2,1,0,0,16,0.8125
7921,13,2,1,0,0,16,0.8125
7922,13,2,1,0,0,16,0.8125
7923,12,2,1,0,0,15,0.8
7924,14,2,1,0,0,17,0.8235294117647058
7925,13,2,1,0,0,16,0.8125
7926,11,2,1,0,0,14,0.7857142857142857
7927,10,2,1,0,0,13,0.7692307692307693
7928,12,2,1,0,0,15,0.8
7929,13,2,1,0,0,16,0.8125
7930,12,2,1,0,0,15,0.8
7931,10,2,1,0,0,13,0.7692307692307693
7932,12,2,0,0,0,14,0.8571428571428571
7933,13,2,0,0,0,15,0.8666666666666667
7934,14,3,1,0,0,18,0.7777777777777778
7935,13,2,1,0,0,16,0.8125
7936,14,2,0,0,0,16,0.875
7937,13,2,1,0,0,16,0.8125
7938,13,2,1,0,0,16,0.8125
7939,14,3,1,0,0,18,0.7777777777777778
7940,13,3,1,0,0,17,0.7647058823529411
7941,13,3,0,0,0,16,0.8125
7942,13,2,1,0,0,16,0.8125
7943,12,2,1,0,0,15,0.8
7944,13,2,1,0,0,16,0.8125
7945,12,3,1,0,0,16,0.75
7946,13,2,0,0,0,15,0.8666666666666667
7947,12,2,0,0,0,14,0.8571428571428571
7948,14,2,0,0,0,16,0.875
7949,13,2,0,0,0,15,0.8666666666666667
7950,12,2,1,0,0,15,0.8
7951,13,2,1,0,0,16,0.8125
7952,12,2,1,0,0,15,0.8
7953,12,2,1,0,0,15,0.8
7954,13,2,1,0,0,16,0.8125
7955,14,2,1,0,0,17,0.8235294117647058
7956,13,2,1,0,0,16,0.8125
7957,12,3,1,0,0,16,0.75
7958,13,2,1,0,0,16,0.8125
7959,12,3,1,0,0,16,0.75
7960,12,3,1,0,0,16,0.75
7961,14,3,1,0,0,18,0.7777777777777778
7962,13,3,1,0,0,17,0.7647058823529411
7963,11,3,1,0,0,15,0.7333333333333333
7964,12,2,1,0,0,15,0.8
7965,12,3,1,0,0,16,0.75
7966,13,2,1,0,0,16,0.8125
7967,12,2,1,0,0,15,0.8
7968,13,2,1,0,0,16,0.8125
7969,12,2,0,0,0,14,0.8571428571428571
7970,11,2,1,0,0,14,0.7857142857142857
7971,12,2,1,0,0,15,0.8
7972,13,2,1,0,0,16,0.8125
7973,12,2,1,0,0,15,0.8
7974,11,3,1,0,0,15,0.7333333333333333
7975,12,2,0,0,0,14,0.8571428571428571
7976,11,1,0,0,0,12,0.9166666666666666
7977,12,2,0,0,0,14,0.8571428571428571
7978,11,2,1,0,0,14,0.7857142857142857
7979,13,1,1,0,0,15,0.8666666666666667
7980,13,2,1,0,0,16,0.8125
7981,13,1,1,0,0,15,0.8666666666666667
7982,11,2,1,0,0,14,0.7857142857142857
7983,11,3,1,0,0,15,0.7333333333333333
7984,13,2,1,0,0,16,0.8125
7985,11,2,1,0,0,14,0.7857142857142857
7986,11,2,1,0,0,14,0.7857142857142857
7987,13,2,1,0,0,16,0.8125
7988,11,1,0,0,0,12,0.9166666666666666
7989,11,3,0,0,0,14,0.7857142857142857
7990,12,2,1,0,0,15,0.8
7991,11,3,1,0,0,15,0.7333333333333333
7992,14,2,1,0,0,17,0.8235294117647058
7993,12,2,0,0,0,14,0.8571428571428571
7994,13,2,1,0,0,16,0.8125
7995,13,3,0,0,0,16,0.8125
7996,13,2,1,0,0,16,0.8125
7997,12,2,1,0,0,15,0.8
7998,10,2,0,0,0,12,0.8333333333333334
7999,11,2,1,0,0,14,0.7857142857142857
8000,13,2,1,0,0,16,0.8125
8001,13,3,1,0,0,17,0.7647058823529411
8002,11,2,1,0,0,14,0.7857142857142857
8003,8,2,1,0,0,11,0.7272727272727273
8004,11,2,1,0,0,14,0.7857142857142857
8005,10,3,1,0,0,14,0.7142857142857143
8006,12,2,1,0,0,15,0.8
8007,9,2,1,0,0,12,0.75
8008,9,3,1,0,0,13,0.6923076923076923
8009,12,3,1,0,0,16,0.75
8010,12,2,1,0,0,15,0.8
8011,11,2,1,0,0,14,0.7857142857142857
8012,12,2,1,0,0,15,0.8
8013,11,2,1,0,0,14,0.7857142857142857
8014,12,3,1,0,0,16,0.75
8015,11,2,1,0,0,14,0.7857142857142857
8016,12,2,1,0,0,15,0.8
8017,12,2,1,0,0,15,0.8
8018,13,3,1,0,0,17,0.7647058823529411
8019,12,2,1,0,0,15,0.8
8020,12,1,1,0,0,14,0.8571428571428571
8021,13,2,1,0,0,16,0.8125
8022,12,2,1,0,0,15,0.8
8023,13,2,1,0,0,16,0.8125
8024,13,2,1,0,0,16,0.8125
8025,12,2,1,0,0,15,0.8
8026,11,2,1,0,0,14,0.7857142857142857
8027,10,2,1,0,0,13,0.7692307692307693
8028,13,3,1,0,0,17,0.7647058823529411
8029,13,2,0,0,0,15,0.8666666666666667
8030,11,2,1,0,0,14,0.7857142857142857
8031,11,3,1,0,0,15,0.7333333333333333
8032,11,2,1,0,0,14,0.7857142857142857
8033,11,2,1,0,0,14,0.7857142857142857
8034,13,2,1,0,0,16,0.8125
8035,13,3,1,0,0,17,0.7647058823529411
8036,13,2,0,0,0,15,0.8666666666666667
8037,13,3,1,0,0,17,0.7647058823529411
8038,14,2,1,0,0,17,0.8235294117647058
8039,13,3,0,0,0,16,0.8125
8040,12,2,1,0,0,15,0.8
8041,12,2,1,0,0,15,0.8
8042,13,3,1,0,0,17,0.7647058823529411
8043,11,2,0,0,0,13,0.8461538461538461
8044,13,3,1,0,0,17,0.7647058823529411
8045,11,2,1,0,0,14,0.7857142857142857
8046,12,3,1,0,0,16,0.75
8047,13,3,1,0,0,17,0.7647058823529411
8048,13,3,1,0,0,17,0.7647058823529411
8049,13,2,1,0,0,16,0.8125
8050,13,3,0,0,0,16,0.8125
8051,12,2,0,0,0,14,0.8571428571428571
8052,13,2,0,0,0,15,0.8666666666666667
8053,13,2,1,0,0,16,0.8125
8054,11,2,1,0,0,14,0.7857142857142857
8055,12,2,1,0,0,15,0.8
8056,12,2,0,0,0,14,0.8571428571428571
8057,13,2,0,0,0,15,0.8666666666666667
8058,12,2,0,0,0,14,0.8571428571428571
8059,12,3,1,0,0,16,0.75
8060,13,2,1,0,0,16,0.8125
8061,14,1,0,0,0,15,0.9333333333333333
8062,13,3,1,0,0,17,0.7647058823529411
8063,11,2,1,0,0,14,0.7857142857142857
8064,13,2,0,0,0,15,0.8666666666666667
8065,13,2,0,0,0,15,0.8666666666666667
8066,11,2,0,0,0,13,0.8461538461538461
8067,13,2,1,0,0,16,0.8125
8068,13,2,1,0,0,16,0.8125
8069,13,2,0,0,0,15,0.8666666666666667
8070,14,3,1,0,0,18,0.7777777777777778
8071,12,2,1,0,0,15,0.8
8072,11,2,1,0,0,14,0.7857142857142857
8073,13,2,1,0,0,16,0.8125
8074,14,2,1,0,0,17,0.8235294117647058
8075,14,2,1,0,0,17,0.8235294117647058
8076,12,2,1,0,0,15,0.8
8077,13,2,1,0,0,16,0.8125
8078,13,2,1,0,0,16,0.8125
8079,11,2,0,0,0,13,0.8461538461538461
8080,12,2,0,0,0,14,0.8571428571428571
8081,12,2,1,0,0,15,0.8
8082,11,2,0,0,0,13,0.8461538461538461
8083,12,2,0,0,0,14,0.8571428571428571
8084,13,2,0,0,0,15,0.8666666666666667
8085,11,2,1,0,0,14,0.7857142857142857
8086,12,2,0,0,0,14,0.8571428571428571
8087,12,2,0,0,0,14,0.8571428571428571
8088,12,2,0,0,0,14,0.8571428571428571
8089,12,2,0,0,0,14,0.8571428571428571
8090,12,3,1,0,0,16,0.75
8091,13,1,1,0,0,15,0.8666666666666667
8092,11,2,1,0,0,14,0.7857142857142857
8093,13,2,1,0,0,16,0.8125
8094,14,2,0,0,0,16,0.875
8095,14,2,0,0,0,16,0.875
8096,12,2,1,0,0,15,0.8
8097,13,1,0,0,0,14,0.9285714285714286
8098,12,2,1,0,0,15,0.8
8099,12,2,1,0,0,15,0.8
8100,13,2,0,0,0,15,0.8666666666666667
8101,14,2,1,0,0,17,0.8235294117647058
8102,13,2,1,0,0,16,0.8125
8103,13,3,1,0,0,17,0.7647058823529411
8104,12,2,1,0,0,15,0.8
8105,11,2,1,0,0,14,0.7857142857142857
8106,11,2,1,0,0,14,0.7857142857142857
8107,13,2,1,0,0,16,0.8125
8108,13,2,1,0,0,16,0.8125
8109,13,2,1,0,0,16,0.8125
8110,12,2,1,0,0,15,0.8
8111,13,2,1,0,0,16,0.8125
8112,11,2,1,0,0,14,0.7857142857142857
8113,12,2,1,0,0,15,0.8
8114,13,2,1,0,0,16,0.8125
8115,13,2,1,0,0,16,0.8125
8116,13,2,1,0,0,16,0.8125
8117,13,2,1,0,0,16,0.8125
8118,13,2,1,0,0,16,0.8125
8119,12,2,1,0,0,15,0.8
8120,11,2,1,0,0,14,0.7857142857142857
8121,13,2,1,0,0,16,0.8125
8122,13,3,1,0,0,17,0.7647058823529411
8123,13,2,1,0,0,16,0.8125
8124,11,2,1,0,0,14,0.7857142857142857
8125,12,2,1,0,0,15,0.8
8126,12,3,1,0,0,16,0.75
8127,12,2,1,0,0,15,0.8
8128,12,2,1,0,0,15,0.8
8129,13,2,1,0,0,16,0.8125
8130,12,2,1,0,0,15,0.8
8131,12,2,0,0,0,14,0.8571428571428571
8132,12,2,1,0,0,15,0.8
8133,12,2,0,0,0,14,0.8571428571428571
8134,12,2,1,0,0,15,0.8
8135,13,2,1,0,0,16,0.8125
8136,13,2,1,0,0,16,0.8125
8137,13,2,1,0,0,16,0.8125
8138,12,2,1,0,0,15,0.8
8139,12,2,1,0,0,15,0.8
8140,12,2,1,0,0,15,0.8
8141,12,2,1,0,0,15,0.8
8142,11,2,0,0,0,13,0.8461538461538461
8143,12,2,0,0,0,14,0.8571428571428571
8144,12,2,1,0,0,15,0.8
8145,11,2,1,0,0,14,0.7857142857142857
8146,10,2,1,0,0,13,0.7692307692307693
8147,11,2,1,0,0,14,0.7857142857142857
8148,13,2,1,0,0,16,0.8125
8149,12,2,1,0,0,15,0.8
8150,12,2,1,0,0,15,0.8
8151,12,2,1,0,0,15,0.8
8152,12,2,0,0,0,14,0.8571428571428571
8153,13,2,1,0,0,16,0.8125
8154,12,2,0,0,0,14,0.8571428571428571
8155,12,2,1,0,0,15,0.8
8156,12,2,1,0,0,15,0.8
8157,12,2,1,0,0,15,0.8
8158,12,2,0,0,0,14,0.8571428571428571
8159,11,2,1,0,0,14,0.7857142857142857
8160,11,2,0,0,0,13,0.8461538461538461
8161,13,2,0,0,0,15,0.8666666666666667
8162,13,2,0,0,0,15,0.8666666666666667
8163,12,2,0,0,0,14,0.8571428571428571
8164,12,2,0,0,0,14,0.8571428571428571
8165,13,2,0,0,0,15,0.8666666666666667
8166,12,2,0,0,0,14,0.8571428571428571
8167,12,2,1,0,0,15,0.8
8168,13,2,0,0,0,15,0.8666666666666667
8169,12,2,1,0,0,15,0.8
8170,12,2,1,0,0,15,0.8
8171,12,2,1,0,0,15,0.8
8172,11,2,1,0,0,14,0.7857142857142857
8173,12,2,0,0,0,14,0.8571428571428571
8174,12,2,1,0,0,15,0.8
8175,12,2,0,0,0,14,0.8571428571428571
8176,13,2,1,0,0,16,0.8125
8177,13,2,0,0,0,15,0.8666666666666667
8178,12,2,1,0,0,15,0.8
8179,13,2,1,0,0,16,0.8125
8180,13,2,0,0,0,15,0.8666666666666667
8181,12,3,0,0,0,15,0.8
8182,12,2,1,0,0,15,0.8
8183,13,2,0,0,0,15,0.8666666666666667
8184,13,2,0,0,0,15,0.8666666666666667
8185,12,2,1,0,0,15,0.8
8186,12,2,1,0,0,15,0.8
8187,12,2,0,0,0,14,0.8571428571428571
8188,13,2,1,0,0,16,0.8125
8189,13,2,0,0,0,15,0.8666666666666667
8190,13,2,0,0,0,15,0.8666666666666667
8191,13,2,0,0,0,15,0.8666666666666667
8192,12,2,0,0,0,14,0.8571428571428571
8193,12,2,1,0,0,15,0.8
8194,12,2,0,0,0,14,0.8571428571428571
8195,12,3,0,0,0,15,0.8
8196,11,3,0,0,0,14,0.7857142857142857
8197,13,3,1,0,0,17,0.7647058823529411
8198,13,3,0,0,0,16,0.8125
8199,13,3,1,0,0,17,0.7647058823529411
8200,12,3,0,0,0,15,0.8
8201,11,3,0,0,0,14,0.7857142857142857
8202,11,2,1,0,0,14,0.7857142857142857
8203,11,2,0,0,0,13,0.8461538461538461
8204,13,2,0,0,0,15,0.8666666666666667
8205,12,3,1,0,0,16,0.75
8206,13,3,0,0,0,16,0.8125
8207,12,3,0,0,0,15,0.8
8208,12,3,1,0,0,16,0.75
8209,12,3,1,0,0,16,0.75
8210,12,2,0,0,0,14,0.8571428571428571
8211,13,3,1,0,0,17,0.7647058823529411
8212,12,3,1,0,0,16,0.75
8213,13,3,1,0,0,17,0.7647058823529411
8214,13,2,0,0,0,15,0.8666666666666667
8215,11,2,1,0,0,14,0.7857142857142857
8216,12,2,0,0,0,14,0.8571428571428571
8217,11,3,1,0,0,15,0.7333333333333333
8218,11,3,0,0,0,14,0.7857142857142857
8219,12,3,1,0,0,16,0.75
8220,12,3,0,0,0,15,0.8
8221,11,2,1,0,0,14,0.7857142857142857
8222,12,2,0,0,0,14,0.8571428571428571
8223,12,2,1,0,0,15,0.8
8224,11,2,1,0,0,14,0.7857142857142857
8225,11,2,0,0,0,13,0.8461538461538461
8226,12,2,1,0,0,15,0.8
8227,10,3,1,0,0,14,0.7142857142857143
8228,12,2,1,0,0,15,0.8
8229,10,2,0,0,0,12,0.8333333333333334
8230,11,2,1,0,0,14,0.7857142857142857
8231,12,2,1,0,0,15,0.8
8232,11,2,0,0,0,13,0.8461538461538461
8233,11,3,1,0,0,15,0.7333333333333333
8234,11,2,1,0,0,14,0.7857142857142857
8235,10,2,0,0,0,12,0.8333333333333334
8236,12,3,1,0,0,16,0.75
8237,12,2,0,0,0,14,0.8571428571428571
8238,11,2,0,0,0,13,0.8461538461538461
8239,12,2,0,0,0,14,0.8571428571428571
8240,12,3,0,0,0,15,0.8
8241,10,1,0,0,0,11,0.9090909090909091
8242,11,2,0,0,0,13,0.8461538461538461
8243,13,3,1,0,0,17,0.7647058823529411
8244,11,3,1,0,0,15,0.7333333333333333
8245,11,3,1,0,0,15,0.7333333333333333
8246,11,3,0,0,0,14,0.7857142857142857
8247,13,2,1,0,0,16,0.8125
8248,13,2,1,0,0,16,0.8125
8249,11,2,1,0,0,14,0.7857142857142857
8250,13,3,1,0,0,17,0.7647058823529411
8251,13,3,1,0,0,17,0.7647058823529411
8252,13,2,1,0,0,16,0.8125
8253,13,2,1,0,0,16,0.8125
8254,13,2,0,0,0,15,0.8666666666666667
8255,13,2,1,0,0,16,0.8125
8256,14,2,0,0,0,16,0.875
8257,13,2,0,0,0,15,0.8666666666666667
8258,12,2,1,0,0,15,0.8
8259,13,2,0,0,0,15,0.8666666666666667
8260,12,3,1,0,0,16,0.75
8261,13,2,1,0,0,16,0.8125
8262,12,3,0,0,0,15,0.8
8263,14,2,1,0,0,17,0.8235294117647058
8264,13,3,1,0,0,17,0.7647058823529411
8265,14,3,1,0,0,18,0.7777777777777778
8266,12,2,0,0,0,14,0.8571428571428571
8267,13,2,0,0,0,15,0.8666666666666667
8268,13,3,0,0,0,16,0.8125
8269,12,2,1,0,0,15,0.8
8270,11,2,1,0,0,14,0.7857142857142857
8271,11,3,1,0,0,15,0.7333333333333333
8272,11,2,1,0,0,14,0.7857142857142857
8273,13,2,0,0,0,15,0.8666666666666667
8274,12,2,1,0,0,15,0.8
8275,12,2,1,0,0,15,0.8
8276,13,2,1,0,0,16,0.8125
8277,12,2,0,0,0,14,0.8571428571428571
8278,14,2,1,0,0,17,0.8235294117647058
8279,12,2,0,0,0,14,0.8571428571428571
8280,13,2,1,0,0,16,0.8125
8281,12,2,1,0,0,15,0.8
8282,13,2,1,0,0,16,0.8125
8283,12,2,1,0,0,15,0.8
8284,12,2,0,0,0,14,0.8571428571428571
8285,11,2,1,0,0,14,0.7857142857142857
8286,13,2,0,0,0,15,0.8666666666666667
8287,11,2,0,0,0,13,0.8461538461538461
8288,13,2,1,0,0,16,0.8125
8289,12,2,1,0,0,15,0.8
8290,13,2,0,0,0,15,0.8666666666666667
8291,13,2,1,0,0,16,0.8125
8292,13,2,1,0,0,16,0.8125
8293,12,2,1,0,0,15,0.8
8294,12,2,0,0,0,14,0.8571428571428571
8295,9,2,1,0,0,12,0.75
8296,12,2,1,0,0,15,0.8
8297,12,2,1,0,0,15,0.8
8298,12,3,1,0,0,16,0.75
8299,12,2,1,0,0,15,0.8
8300,13,3,1,0,0,17,0.7647058823529411
8301,13,2,1,0,0,16,0.8125
8302,13,3,1,0,0,17,0.7647058823529411
8303,13,2,0,0,0,15,0.8666666666666667
8304,10,2,1,0,0,13,0.7692307692307693
8305,13,2,1,0,0,16,0.8125
8306,12,3,1,0,0,16,0.75
8307,13,2,0,0,0,15,0.8666666666666667
8308,13,2,1,0,0,16,0.8125
8309,13,3,1,0,0,17,0.7647058823529411
8310,13,2,1,0,0,16,0.8125
8311,13,2,1,0,0,16,0.8125
8312,12,2,1,0,0,15,0.8
8313,13,2,0,0,0,15,0.8666666666666667
8314,12,3,1,0,0,16,0.75
8315,11,3,1,0,0,15,0.7333333333333333
8316,13,3,1,0,0,17,0.7647058823529411
8317,12,2,1,0,0,15,0.8
8318,14,2,1,0,0,17,0.8235294117647058
8319,13,2,0,0,0,15,0.8666666666666667
8320,13,2,0,0,0,15,0.8666666666666667
8321,13,2,1,0,0,16,0.8125
8322,13,2,0,0,0,15,0.8666666666666667
8323,13,2,1,0,0,16,0.8125
8324,12,2,1,0,0,15,0.8
8325,12,2,1,0,0,15,0.8
8326,13,2,0,0,0,15,0.8666666666666667
8327,13,2,1,0,0,16,0.8125
8328,13,2,1,0,0,16,0.8125
8329,13,2,1,0,0,16,0.8125
8330,12,2,1,0,0,15,0.8
8331,12,3,1,0,0,16,0.75
8332,13,2,1,0,0,16,0.8125
8333,14,2,1,0,0,17,0.8235294117647058
8334,12,2,1,0,0,15,0.8
8335,13,2,0,0,0,15,0.8666666666666667
8336,13,2,1,0,0,16,0.8125
8337,13,2,1,0,0,16,0.8125
8338,12,2,1,0,0,15,0.8
8339,13,2,1,0,0,16,0.8125
8340,13,2,1,0,0,16,0.8125
8341,12,2,1,0,0,15,0.8
8342,13,2,1,0,0,16,0.8125
8343,13,2,1,0,0,16,0.8125
8344,13,2,1,0,0,16,0.8125
8345,12,2,1,0,0,15,0.8
8346,13,2,1,0,0,16,0.8125
8347,13,2,1,0,0,16,0.8125
8348,13,2,1,0,0,16,0.8125
8349,13,2,1,0,0,16,0.8125
8350,13,2,1,0,0,16,0.8125
8351,13,2,1,0,0,16,0.8125
8352,13,3,1,0,0,17,0.7647058823529411
8353,14,3,1,0,0,18,0.7777777777777778
8354,13,2,1,0,0,16,0.8125
8355,13,2,1,0,0,16,0.8125
8356,13,2,1,0,0,16,0.8125
8357,13,2,1,0,0,16,0.8125
8358,13,3,1,0,0,17,0.7647058823529411
8359,13,3,1,0,0,17,0.7647058823529411
8360,14,3,1,0,0,18,0.7777777777777778
8361,13,2,1,0,0,16,0.8125
8362,13,2,1,0,0,16,0.8125
8363,13,2,1,0,0,16,0.8125
8364,13,2,1,0,0,16,0.8125
8365,13,2,1,0,0,16,0.8125
8366,13,2,1,0,0,16,0.8125
8367,13,2,1,0,0,16,0.8125
8368,13,2,1,0,0,16,0.8125
8369,13,2,1,0,0,16,0.8125
8370,13,2,1,0,0,16,0.8125
8371,13,3,1,0,0,17,0.7647058823529411
8372,14,2,0,0,0,16,0.875
8373,13,2,1,0,0,16,0.8125
8374,12,2,1,0,0,15,0.8
8375,13,3,1,0,0,17,0.7647058823529411
8376,13,2,1,0,0,16,0.8125
8377,13,3,1,0,0,17,0.7647058823529411
8378,13,2,1,0,0,16,0.8125
8379,13,2,1,0,0,16,0.8125
8380,13,2,1,0,0,16,0.8125
8381,13,2,1,0,0,16,0.8125
8382,12,2,1,0,0,15,0.8
8383,12,2,1,0,0,15,0.8
8384,11,2,1,0,0,14,0.7857142857142857
8385,14,2,1,0,0,17,0.8235294117647058
8386,13,2,1,0,0,16,0.8125
8387,12,2,1,0,0,15,0.8
8388,13,2,1,0,0,16,0.8125
8389,13,2,1,0,0,16,0.8125
8390,13,2,1,0,0,16,0.8125
8391,13,3,1,0,0,17,0.7647058823529411
8392,13,2,1,0,0,16,0.8125
8393,13,2,1,0,0,16,0.8125
8394,13,2,1,0,0,16,0.8125
8395,14,2,1,0,0,17,0.8235294117647058
8396,13,3,1,0,0,17,0.7647058823529411
8397,12,2,1,0,0,15,0.8
8398,14,2,1,0,0,17,0.8235294117647058
8399,12,2,1,0,0,15,0.8
8400,12,3,1,0,0,16,0.75
8401,13,2,0,0,0,15,0.8666666666666667
8402,14,3,1,0,0,18,0.7777777777777778
8403,11,2,0,0,0,13,0.8461538461538461
8404,10,2,1,0,0,13,0.7692307692307693
8405,13,3,1,0,0,17,0.7647058823529411
8406,12,2,1,0,0,15,0.8
8407,12,2,1,0,0,15,0.8
8408,13,2,1,0,0,16,0.8125
8409,13,2,1,0,0,16,0.8125
8410,13,2,0,0,0,15,0.8666666666666667
8411,13,3,1,0,0,17,0.7647058823529411
8412,13,2,0,0,0,15,0.8666666666666667
8413,11,2,1,0,0,14,0.7857142857142857
8414,12,2,1,0,0,15,0.8
8415,12,2,1,0,0,15,0.8
8416,13,2,1,0,0,16,0.8125
8417,13,2,1,0,0,16,0.8125
8418,12,2,1,0,0,15,0.8
8419,13,3,1,0,0,17,0.7647058823529411
8420,13,1,1,0,0,15,0.8666666666666667
8421,13,2,0,0,0,15,0.8666666666666667
8422,13,2,0,0,0,15,0.8666666666666667
8423,13,2,1,0,0,16,0.8125
8424,13,2,1,0,0,16,0.8125
8425,13,2,0,0,0,15,0.8666666666666667
8426,14,2,1,0,0,17,0.8235294117647058
8427,13,2,1,0,0,16,0.8125
8428,12,2,0,0,0,14,0.8571428571428571
8429,13,2,0,0,0,15,0.8666666666666667
8430,13,2,1,0,0,16,0.8125
8431,13,2,1,0,0,16,0.8125
8432,13,2,1,0,0,16,0.8125
8433,12,2,1,0,0,15,0.8
8434,13,2,1,0,0,16,0.8125
8435,13,2,1,0,0,16,0.8125
8436,13,2,1,0,0,16,0.8125
8437,13,2,1,0,0,16,0.8125
8438,14,2,1,0,0,17,0.8235294117647058
8439,13,2,1,0,0,16,0.8125
8440,12,2,1,0,0,15,0.8
8441,14,2,1,0,0,17,0.8235294117647058
8442,13,3,1,0,0,17,0.7647058823529411
8443,12,2,0,0,0,14,0.8571428571428571
8444,13,2,1,0,0,16,0.8125
8445,11,2,1,0,0,14,0.7857142857142857
8446,12,2,1,0,0,15,0.8
8447,13,2,1,0,0,16,0.8125
8448,13,2,1,0,0,16,0.8125
8449,14,2,1,0,0,17,0.8235294117647058
8450,14,2,1,0,0,17,0.8235294117647058
8451,13,2,1,0,0,16,0.8125
8452,13,3,1,0,0,17,0.7647058823529411
8453,14,3,1,0,0,18,0.7777777777777778
8454,13,2,1,0,0,16,0.8125
8455,13,2,1,0,0,16,0.8125
8456,12,2,1,0,0,15,0.8
8457,13,3,1,0,0,17,0.7647058823529411
8458,13,2,1,0,0,16,0.8125
8459,13,3,1,0,0,17,0.7647058823529411
8460,13,3,1,0,0,17,0.7647058823529411
8461,13,2,1,0,0,16,0.8125
8462,12,2,1,0,0,15,0.8
8463,12,2,1,0,0,15,0.8
8464,12,2,1,0,0,15,0.8
8465,13,3,1,0,0,17,0.7647058823529411
8466,13,2,1,0,0,16,0.8125
8467,13,2,0,0,0,15,0.8666666666666667
8468,13,2,1,0,0,16,0.8125
8469,13,2,1,0,0,16,0.8125
8470,12,2,1,0,0,15,0.8
8471,13,2,1,0,0,16,0.8125
8472,12,2,1,0,0,15,0.8
8473,12,2,1,0,0,15,0.8
8474,13,2,1,0,0,16,0.8125
8475,13,2,0,0,0,15,0.8666666666666667
8476,12,2,1,0,0,15,0.8
8477,13,2,1,0,0,16,0.8125
8478,13,2,1,0,0,16,0.8125
8479,13,2,1,0,0,16,0.8125
8480,12,2,1,0,0,15,0.8
8481,13,2,1,0,0,16,0.8125
8482,13,2,1,0,0,16,0.8125
8483,11,2,1,0,0,14,0.7857142857142857
8484,12,2,0,0,0,14,0.8571428571428571
8485,13,2,1,0,0,16,0.8125
8486,12,2,1,0,0,15,0.8
8487,13,2,1,0,0,16,0.8125
8488,13,2,1,0,0,16,0.8125
8489,13,2,1,0,0,16,0.8125
8490,13,2,1,0,0,16,0.8125
8491,13,2,1,0,0,16,0.8125
8492,13,2,1,0,0,16,0.8125
8493,14,2,0,0,0,16,0.875
8494,13,2,1,0,0,16,0.8125
8495,14,2,1,0,0,17,0.8235294117647058
8496,13,2,0,0,0,15,0.8666666666666667
8497,14,2,0,0,0,16,0.875
8498,13,2,1,0,0,16,0.8125
8499,13,2,0,0,0,15,0.8666666666666667
8500,12,2,0,0,0,14,0.8571428571428571
8501,14,2,1,0,0,17,0.8235294117647058
8502,12,2,1,0,0,15,0.8
8503,12,2,0,0,0,14,0.8571428571428571
8504,12,2,1,0,0,15,0.8
8505,12,2,0,0,0,14,0.8571428571428571
8506,13,2,1,0,0,16,0.8125
8507,13,2,1,0,0,16,0.8125
8508,13,2,1,0,0,16,0.8125
8509,13,2,1,0,0,16,0.8125
8510,14,2,1,0,0,17,0.8235294117647058
8511,13,2,1,0,0,16,0.8125
8512,12,2,1,0,0,15,0.8
8513,13,2,1,0,0,16,0.8125
8514,12,3,1,0,0,16,0.75
8515,13,2,0,0,0,15,0.8666666666666667
8516,12,2,0,0,0,14,0.8571428571428571
8517,13,2,1,0,0,16,0.8125
8518,13,2,1,0,0,16,0.8125
8519,13,2,0,0,0,15,0.8666666666666667
8520,13,2,1,0,0,16,0.8125
8521,13,2,1,0,0,16,0.8125
8522,12,2,1,0,0,15,0.8
8523,13,2,1,0,0,16,0.8125
8524,11,3,1,0,0,15,0.7333333333333333
8525,12,2,1,0,0,15,0.8
8526,13,2,1,0,0,16,0.8125
8527,13,2,1,0,0,16,0.8125
8528,13,2,1,0,0,16,0.8125
8529,12,2,1,0,0,15,0.8
8530,13,2,0,0,0,15,0.8666666666666667
8531,12,2,1,0,0,15,0.8
8532,13,2,1,0,0,16,0.8125
8533,13,2,1,0,0,16,0.8125
8534,13,2,1,0,0,16,0.8125
8535,13,2,1,0,0,16,0.8125
8536,13,2,1,0,0,16,0.8125
8537,12,2,1,0,0,15,0.8
8538,12,3,1,0,0,16,0.75
8539,12,2,1,0,0,15,0.8
8540,12,3,1,0,0,16,0.75
8541,13,2,1,0,0,16,0.8125
8542,13,2,1,0,0,16,0.8125
8543,13,2,1,0,0,16,0.8125
8544,13,2,1,0,0,16,0.8125
8545,13,2,1,0,0,16,0.8125
8546,13,2,1,0,0,16,0.8125
8547,12,2,1,0,0,15,0.8
8548,12,2,1,0,0,15,0.8
8549,12,3,1,0,0,16,0.75
8550,12,2,1,0,0,15,0.8
8551,13,2,1,0,0,16,0.8125
8552,12,2,1,0,0,15,0.8
8553,13,2,1,0,0,16,0.8125
8554,13,2,1,0,0,16,0.8125
8555,13,3,1,0,0,17,0.7647058823529411
8556,13,2,1,0,0,16,0.8125
8557,12,2,1,0,0,15,0.8
8558,11,2,1,0,0,14,0.7857142857142857
8559,12,2,1,0,0,15,0.8
8560,11,2,1,0,0,14,0.7857142857142857
8561,13,1,1,0,0,15,0.8666666666666667
8562,13,2,1,0,0,16,0.8125
8563,12,2,1,0,0,15,0.8
8564,13,2,1,0,0,16,0.8125
8565,12,2,1,0,0,15,0.8
8566,13,2,1,0,0,16,0.8125
8567,13,2,1,0,0,16,0.8125
8568,12,2,1,0,0,15,0.8
8569,13,2,1,0,0,16,0.8125
8570,12,3,1,0,0,16,0.75
8571,13,2,1,0,0,16,0.8125
8572,12,2,1,0,0,15,0.8
8573,13,3,1,0,0,17,0.7647058823529411
8574,12,2,1,0,0,15,0.8
8575,13,2,1,0,0,16,0.8125
8576,13,2,1,0,0,16,0.8125
8577,13,3,0,0,0,16,0.8125
8578,13,2,1,0,0,16,0.8125
8579,13,2,1,0,0,16,0.8125
8580,13,2,1,0,0,16,0.8125
8581,13,2,1,0,0,16,0.8125
8582,12,2,1,0,0,15,0.8
8583,14,2,1,0,0,17,0.8235294117647058
8584,12,2,1,0,0,15,0.8
8585,13,2,1,0,0,16,0.8125
8586,13,2,1,0,0,16,0.8125
8587,13,3,1,0,0,17,0.7647058823529411
8588,14,2,1,0,0,17,0.8235294117647058
8589,13,2,1,0,0,16,0.8125
8590,13,2,1,0,0,16,0.8125
8591,13,2,1,0,0,16,0.8125
8592,12,2,1,0,0,15,0.8
8593,12,2,1,0,0,15,0.8
8594,12,2,1,0,0,15,0.8
8595,13,2,1,0,0,16,0.8125
8596,13,2,1,0,0,16,0.8125
8597,13,2,1,0,0,16,0.8125
8598,13,2,1,0,0,16,0.8125
8599,14,2,1,0,0,17,0.8235294117647058
8600,12,1,1,0,0,14,0.8571428571428571
8601,12,2,1,0,0,15,0.8
8602,13,2,1,0,0,16,0.8125
8603,12,2,1,0,0,15,0.8
8604,13,2,1,0,0,16,0.8125
8605,13,2,1,0,0,16,0.8125
8606,11,2,1,0,0,14,0.7857142857142857
8607,13,2,1,0,0,16,0.8125
8608,12,2,1,0,0,15,0.8
8609,13,2,1,0,0,16,0.8125
8610,13,2,1,0,0,16,0.8125
8611,13,2,0,0,0,15,0.8666666666666667
8612,13,2,1,0,0,16,0.8125
8613,13,2,1,0,0,16,0.8125
8614,13,2,1,0,0,16,0.8125
8615,12,2,0,0,0,14,0.8571428571428571
8616,13,2,1,0,0,16,0.8125
8617,12,2,1,0,0,15,0.8
8618,12,2,1,0,0,15,0.8
8619,12,2,1,0,0,15,0.8
8620,13,2,1,0,0,16,0.8125
8621,13,2,1,0,0,16,0.8125
8622,13,2,1,0,0,16,0.8125
8623,13,2,1,0,0,16,0.8125
8624,12,2,1,0,0,15,0.8
8625,12,2,1,0,0,15,0.8
8626,12,2,1,0,0,15,0.8
8627,13,2,1,0,0,16,0.8125
8628,12,2,1,0,0,15,0.8
8629,13,2,1,0,0,16,0.8125
8630,12,2,1,0,0,15,0.8
8631,12,2,1,0,0,15,0.8
8632,14,2,1,0,0,17,0.8235294117647058
8633,13,2,1,0,0,16,0.8125
8634,13,2,1,0,0,16,0.8125
8635,13,2,1,0,0,16,0.8125
8636,13,2,1,0,0,16,0.8125
8637,13,2,1,0,0,16,0.8125
8638,14,2,0,0,0,16,0.875
8639,12,2,1,0,0,15,0.8
8640,12,2,1,0,0,15,0.8
8641,12,2,1,0,0,15,0.8
8642,13,2,1,0,0,16,0.8125
8643,12,2,1,0,0,15,0.8
8644,12,2,1,0,0,15,0.8
8645,12,2,1,0,0,15,0.8
8646,13,2,1,0,0,16,0.8125
8647,14,3,1,0,0,18,0.7777777777777778
8648,12,2,1,0,0,15,0.8
8649,13,2,1,0,0,16,0.8125
8650,12,3,1,0,0,16,0.75
8651,13,2,1,0,0,16,0.8125
8652,11,2,1,0,0,14,0.7857142857142857
8653,12,2,1,0,0,15,0.8
8654,12,2,1,0,0,15,0.8
8655,13,2,1,0,0,16,0.8125
8656,13,2,1,0,0,16,0.8125
8657,12,2,1,0,0,15,0.8
8658,13,2,1,0,0,16,0.8125
8659,12,2,1,0,0,15,0.8
8660,13,2,1,0,0,16,0.8125
8661,13,2,1,0,0,16,0.8125
8662,13,2,1,0,0,16,0.8125
8663,13,2,1,0,0,16,0.8125
8664,13,2,1,0,0,16,0.8125
8665,13,2,1,0,0,16,0.8125
8666,12,2,1,0,0,15,0.8
8667,13,2,1,0,0,16,0.8125
8668,13,2,1,0,0,16,0.8125
8669,11,2,1,0,0,14,0.7857142857142857
8670,12,2,0,0,0,14,0.8571428571428571
8671,14,2,1,0,0,17,0.8235294117647058
8672,12,3,1,0,0,16,0.75
8673,13,2,1,0,0,16,0.8125
8674,13,2,1,0,0,16,0.8125
8675,14,2,1,0,0,17,0.8235294117647058
8676,12,1,1,0,0,14,0.8571428571428571
8677,13,2,1,0,0,16,0.8125
8678,13,2,1,0,0,16,0.8125
8679,10,2,1,0,0,13,0.7692307692307693
8680,13,3,1,0,0,17,0.7647058823529411
8681,13,2,0,0,0,15,0.8666666666666667
8682,12,2,1,0,0,15,0.8
8683,12,3,0,0,0,15,0.8
8684,13,2,1,0,0,16,0.8125
8685,13,2,1,0,0,16,0.8125
8686,12,2,0,0,0,14,0.8571428571428571
8687,12,2,1,0,0,15,0.8
8688,13,2,1,0,0,16,0.8125
8689,12,2,1,0,0,15,0.8
8690,13,2,1,0,0,16,0.8125
8691,13,2,0,0,0,15,0.8666666666666667
8692,12,2,1,0,0,15,0.8
8693,14,2,1,0,0,17,0.8235294117647058
8694,12,3,1,0,0,16,0.75
8695,13,2,1,0,0,16,0.8125
8696,14,3,1,0,0,18,0.7777777777777778
8697,13,2,1,0,0,16,0.8125
8698,13,2,1,0,0,16,0.8125
8699,13,3,1,0,0,17,0.7647058823529411
8700,13,2,1,0,0,16,0.8125
8701,12,2,0,0,0,14,0.8571428571428571
8702,13,2,1,0,0,16,0.8125
8703,13,2,1,0,0,16,0.8125
8704,12,2,1,0,0,15,0.8
8705,13,2,0,0,0,15,0.8666666666666667
8706,12,2,1,0,0,15,0.8
8707,13,2,1,0,0,16,0.8125
8708,12,2,1,0,0,15,0.8
8709,13,3,1,0,0,17,0.7647058823529411
8710,13,2,1,0,0,16,0.8125
8711,13,2,1,0,0,16,0.8125
8712,13,2,1,0,0,16,0.8125
8713,13,2,1,0,0,16,0.8125
8714,13,3,1,0,0,17,0.7647058823529411
8715,13,2,1,0,0,16,0.8125
8716,12,2,1,0,0,15,0.8
8717,13,2,1,0,0,16,0.8125
8718,11,2,1,0,0,14,0.7857142857142857
8719,13,2,1,0,0,16,0.8125
8720,13,2,1,0,0,16,0.8125
8721,13,2,0,0,0,15,0.8666666666666667
8722,13,2,1,0,0,16,0.8125
8723,13,2,1,0,0,16,0.8125
8724,13,2,1,0,0,16,0.8125
8725,13,2,1,0,0,16,0.8125
8726,13,3,1,0,0,17,0.7647058823529411
8727,12,2,1,0,0,15,0.8
8728,13,2,1,0,0,16,0.8125
8729,12,2,1,0,0,15,0.8
8730,12,2,1,0,0,15,0.8
8731,11,2,1,0,0,14,0.7857142857142857
8732,12,2,1,0,0,15,0.8
8733,13,2,0,0,0,15,0.8666666666666667
8734,12,2,1,0,0,15,0.8
8735,13,2,1,0,0,16,0.8125
8736,11,2,1,0,0,14,0.7857142857142857
8737,12,2,1,0,0,15,0.8
8738,12,2,1,0,0,15,0.8
8739,13,2,1,0,0,16,0.8125
8740,12,2,1,0,0,15,0.8
8741,13,2,1,0,0,16,0.8125
8742,12,2,1,0,0,15,0.8
8743,10,2,1,0,0,13,0.7692307692307693
8744,13,2,1,0,0,16,0.8125
8745,12,2,1,0,0,15,0.8
8746,13,2,1,0,0,16,0.8125
8747,13,3,1,0,0,17,0.7647058823529411
8748,13,2,1,0,0,16,0.8125
8749,13,2,1,0,0,16,0.8125
8750,13,2,1,0,0,16,0.8125
8751,12,2,1,0,0,15,0.8
8752,12,2,1,0,0,15,0.8
8753,13,2,1,0,0,16,0.8125
8754,13,2,1,0,0,16,0.8125
8755,11,2,1,0,0,14,0.7857142857142857
8756,13,2,1,0,0,16,0.8125
8757,13,2,1,0,0,16,0.8125
8758,13,2,1,0,0,16,0.8125
8759,13,2,1,0,0,16,0.8125
8760,13,2,1,0,0,16,0.8125
8761,13,2,1,0,0,16,0.8125
8762,13,2,1,0,0,16,0.8125
8763,13,2,1,0,0,16,0.8125
8764,12,2,1,0,0,15,0.8
8765,12,2,1,0,0,15,0.8
8766,13,2,1,0,0,16,0.8125
8767,13,2,1,0,0,16,0.8125
8768,12,3,1,0,0,16,0.75
8769,12,1,1,0,0,14,0.8571428571428571
8770,13,2,1,0,0,16,0.8125
8771,13,2,1,0,0,16,0.8125
8772,13,2,1,0,0,16,0.8125
8773,13,2,1,0,0,16,0.8125
8774,13,2,1,0,0,16,0.8125
8775,12,2,1,0,0,15,0.8
8776,13,2,1,0,0,16,0.8125
8777,13,2,1,0,0,16,0.8125
8778,11,2,1,0,0,14,0.7857142857142857
8779,13,2,1,0,0,16,0.8125
8780,13,2,1,0,0,16,0.8125
8781,12,3,1,0,0,16,0.75
8782,13,2,1,0,0,16,0.8125
8783,13,2,1,0,0,16,0.8125
8784,13,2,1,0,0,16,0.8125
8785,13,2,1,0,0,16,0.8125
8786,12,3,1,0,0,16,0.75
8787,13,2,1,0,0,16,0.8125
8788,12,2,1,0,0,15,0.8
8789,13,3,1,0,0,17,0.7647058823529411
8790,12,2,1,0,0,15,0.8
8791,13,2,1,0,0,16,0.8125
8792,13,2,1,0,0,16,0.8125
8793,13,2,1,0,0,16,0.8125
8794,12,2,1,0,0,15,0.8
8795,13,2,1,0,0,16,0.8125
8796,12,3,1,0,0,16,0.75
8797,13,3,1,0,0,17,0.7647058823529411
8798,12,2,1,0,0,15,0.8
8799,13,2,1,0,0,16,0.8125
8800,13,2,1,0,0,16,0.8125
8801,13,2,1,0,0,16,0.8125
8802,12,2,1,0,0,15,0.8
8803,13,2,1,0,0,16,0.8125
8804,11,2,1,0,0,14,0.7857142857142857
8805,13,2,1,0,0,16,0.8125
8806,13,2,1,0,0,16,0.8125
8807,13,3,1,0,0,17,0.7647058823529411
8808,14,2,1,0,0,17,0.8235294117647058
8809,11,2,1,0,0,14,0.7857142857142857
8810,12,2,1,0,0,15,0.8
8811,13,2,1,0,0,16,0.8125
8812,13,2,1,0,0,16,0.8125
8813,12,2,1,0,0,15,0.8
8814,13,2,1,0,0,16,0.8125
8815,13,2,1,0,0,16,0.8125
8816,13,2,1,0,0,16,0.8125
8817,10,2,1,0,0,13,0.7692307692307693
8818,12,2,1,0,0,15,0.8
8819,11,2,1,0,0,14,0.7857142857142857
8820,12,2,1,0,0,15,0.8
8821,13,2,0,0,0,15,0.8666666666666667
8822,12,2,1,0,0,15,0.8
8823,11,2,0,0,0,13,0.8461538461538461
8824,12,2,1,0,0,15,0.8
8825,14,2,1,0,0,17,0.8235294117647058
8826,13,2,1,0,0,16,0.8125
8827,11,2,1,0,0,14,0.7857142857142857
8828,12,2,1,0,0,15,0.8
8829,12,2,1,0,0,15,0.8
8830,13,2,1,0,0,16,0.8125
8831,13,2,1,0,0,16,0.8125
8832,13,2,1,0,0,16,0.8125
8833,13,2,1,0,0,16,0.8125
8834,11,2,1,0,0,14,0.7857142857142857
8835,13,2,1,0,0,16,0.8125
8836,11,2,0,0,0,13,0.8461538461538461
8837,12,2,1,0,0,15,0.8
8838,12,2,1,0,0,15,0.8
8839,12,2,1,0,0,15,0.8
8840,12,2,0,0,0,14,0.8571428571428571
8841,12,2,1,0,0,15,0.8
8842,13,2,1,0,0,16,0.8125
8843,14,2,1,0,0,17,0.8235294117647058
8844,14,2,1,0,0,17,0.8235294117647058
8845,14,2,1,0,0,17,0.8235294117647058
8846,12,2,1,0,0,15,0.8
8847,13,2,1,0,0,16,0.8125
8848,13,2,1,0,0,16,0.8125
8849,14,2,1,0,0,17,0.8235294117647058
8850,12,2,1,0,0,15,0.8
8851,13,2,1,0,0,16,0.8125
8852,13,2,1,0,0,16,0.8125
8853,12,2,1,0,0,15,0.8
8854,13,2,1,0,0,16,0.8125
8855,12,2,1,0,0,15,0.8
8856,14,2,1,0,0,17,0.8235294117647058
8857,12,2,1,0,0,15,0.8
8858,14,2,1,0,0,17,0.8235294117647058
8859,13,2,1,0,0,16,0.8125
8860,13,2,1,0,0,16,0.8125
8861,13,3,1,0,0,17,0.7647058823529411
8862,13,2,1,0,0,16,0.8125
8863,12,2,1,0,0,15,0.8
8864,11,2,0,0,0,13,0.8461538461538461
8865,13,2,1,0,0,16,0.8125
8866,11,2,1,0,0,14,0.7857142857142857
8867,13,2,0,0,0,15,0.8666666666666667
8868,14,2,1,0,0,17,0.8235294117647058
8869,13,1,1,0,0,15,0.8666666666666667
8870,13,2,1,0,0,16,0.8125
8871,14,2,1,0,0,17,0.8235294117647058
8872,11,2,1,0,0,14,0.7857142857142857
8873,13,2,1,0,0,16,0.8125
8874,14,2,1,0,0,17,0.8235294117647058
8875,12,2,1,0,0,15,0.8
8876,12,2,1,0,0,15,0.8
8877,13,2,0,0,0,15,0.8666666666666667
8878,13,2,1,0,0,16,0.8125
8879,12,2,0,0,0,14,0.8571428571428571
8880,13,2,1,0,0,16,0.8125
8881,13,2,1,0,0,16,0.8125
8882,12,2,1,0,0,15,0.8
8883,13,2,1,0,0,16,0.8125
8884,12,3,1,0,0,16,0.75
8885,11,2,1,0,0,14,0.7857142857142857
8886,13,3,1,0,0,17,0.7647058823529411
8887,13,2,1,0,0,16,0.8125
8888,13,2,1,0,0,16,0.8125
8889,11,3,1,0,0,15,0.7333333333333333
8890,11,3,1,0,0,15,0.7333333333333333
8891,12,3,1,0,0,16,0.75
8892,12,2,1,0,0,15,0.8
8893,13,2,1,0,0,16,0.8125
8894,13,2,1,0,0,16,0.8125
8895,11,3,1,0,0,15,0.7333333333333333
8896,12,2,1,0,0,15,0.8
8897,12,2,1,0,0,15,0.8
8898,12,2,1,0,0,15,0.8
8899,13,2,1,0,0,16,0.8125
8900,12,2,1,0,0,15,0.8
8901,12,2,1,0,0,15,0.8
8902,13,2,1,0,0,16,0.8125
8903,12,2,1,0,0,15,0.8
8904,13,2,1,0,0,16,0.8125
8905,13,2,1,0,0,16,0.8125
8906,13,2,1,0,0,16,0.8125
8907,12,2,1,0,0,15,0.8
8908,11,2,1,0,0,14,0.7857142857142857
8909,12,2,1,0,0,15,0.8
8910,11,2,1,0,0,14,0.7857142857142857
8911,13,2,1,0,0,16,0.8125
8912,13,2,1,0,0,16,0.8125
8913,13,2,1,0,0,16,0.8125
8914,12,2,0,0,0,14,0.8571428571428571
8915,13,2,1,0,0,16,0.8125
8916,12,2,1,0,0,15,0.8
8917,13,2,1,0,0,16,0.8125
8918,12,2,1,0,0,15,0.8
8919,13,2,1,0,0,16,0.8125
8920,13,2,1,0,0,16,0.8125
8921,13,2,1,0,0,16,0.8125
8922,12,2,0,0,0,14,0.8571428571428571
8923,13,2,1,0,0,16,0.8125
8924,11,2,1,0,0,14,0.7857142857142857
8925,12,2,1,0,0,15,0.8
8926,12,2,1,0,0,15,0.8
8927,13,2,1,0,0,16,0.8125
8928,13,2,1,0,0,16,0.8125
8929,13,2,1,0,0,16,0.8125
8930,12,2,1,0,0,15,0.8
8931,12,2,1,0,0,15,0.8
8932,13,2,0,0,0,15,0.8666666666666667
8933,12,2,1,0,0,15,0.8
8934,13,2,1,0,0,16,0.8125
8935,12,2,1,0,0,15,0.8
8936,13,2,0,0,0,15,0.8666666666666667
8937,13,2,1,0,0,16,0.8125
8938,13,2,1,0,0,16,0.8125
8939,12,2,1,0,0,15,0.8
8940,13,2,1,0,0,16,0.8125
8941,13,2,1,0,0,16,0.8125
8942,11,2,1,0,0,14,0.7857142857142857
8943,13,2,1,0,0,16,0.8125
8944,13,3,1,0,0,17,0.7647058823529411
8945,12,2,1,0,0,15,0.8
8946,13,2,1,0,0,16,0.8125
8947,13,2,1,0,0,16,0.8125
8948,13,2,1,0,0,16,0.8125
8949,13,2,1,0,0,16,0.8125
8950,13,2,1,0,0,16,0.8125
8951,13,2,1,0,0,16,0.8125
8952,13,2,1,0,0,16,0.8125
8953,13,2,1,0,0,16,0.8125
8954,13,2,1,0,0,16,0.8125
8955,12,2,1,0,0,15,0.8
8956,13,2,1,0,0,16,0.8125
8957,13,2,1,0,0,16,0.8125
8958,12,3,1,0,0,16,0.75
8959,13,2,0,0,0,15,0.8666666666666667
8960,14,2,0,0,0,16,0.875
8961,14,2,0,0,0,16,0.875
8962,13,2,1,0,0,16,0.8125
8963,13,2,1,0,0,16,0.8125
8964,12,2,1,0,0,15,0.8
8965,13,2,0,0,0,15,0.8666666666666667
8966,13,2,1,0,0,16,0.8125
8967,13,2,0,0,0,15,0.8666666666666667
8968,13,2,1,0,0,16,0.8125
8969,13,2,1,0,0,16,0.8125
8970,13,2,0,0,0,15,0.8666666666666667
8971,12,2,1,0,0,15,0.8
8972,12,2,1,0,0,15,0.8
8973,13,2,1,0,0,16,0.8125
8974,10,2,1,0,0,13,0.7692307692307693
8975,12,2,1,0,0,15,0.8
8976,13,2,1,0,0,16,0.8125
8977,10,2,0,0,0,12,0.8333333333333334
8978,13,2,1,0,0,16,0.8125
8979,13,2,1,0,0,16,0.8125
8980,13,2,1,0,0,16,0.8125
8981,13,2,1,0,0,16,0.8125
8982,13,2,1,0,0,16,0.8125
8983,12,2,1,0,0,15,0.8
8984,12,2,1,0,0,15,0.8
8985,12,2,1,0,0,15,0.8
8986,13,2,1,0,0,16,0.8125
8987,13,2,1,0,0,16,0.8125
8988,13,2,1,0,0,16,0.8125
8989,12,2,1,0,0,15,0.8
8990,13,2,1,0,0,16,0.8125
8991,12,2,1,0,0,15,0.8
8992,13,2,1,0,0,16,0.8125
8993,13,2,1,0,0,16,0.8125
8994,12,2,1,0,0,15,0.8
8995,13,2,1,0,0,16,0.8125
8996,13,2,1,0,0,16,0.8125
8997,13,2,1,0,0,16,0.8125
8998,13,2,1,0,0,16,0.8125
8999,13,2,1,0,0,16,0.8125
9000,12,2,1,0,0,15,0.8
9001,13,2,1,0,0,16,0.8125
9002,13,2,1,0,0,16,0.8125
9003,13,2,1,0,0,16,0.8125
9004,13,2,1,0,0,16,0.8125
9005,13,3,1,0,0,17,0.7647058823529411
9006,11,2,1,0,0,14,0.7857142857142857
9007,12,2,1,0,0,15,0.8
9008,13,2,1,0,0,16,0.8125
9009,13,2,1,0,0,16,0.8125
9010,12,2,1,0,0,15,0.8
9011,14,2,1,0,0,17,0.8235294117647058
9012,13,2,1,0,0,16,0.8125
9013,13,2,1,0,0,16,0.8125
9014,13,2,1,0,0,16,0.8125
9015,13,2,1,0,0,16,0.8125
9016,13,2,1,0,0,16,0.8125
9017,13,2,1,0,0,16,0.8125
9018,11,2,1,0,0,14,0.7857142857142857
9019,12,2,1,0,0,15,0.8
9020,12,2,1,0,0,15,0.8
9021,12,2,1,0,0,15,0.8
9022,12,2,1,0,0,15,0.8
9023,11,2,0,0,0,13,0.8461538461538461
9024,13,2,1,0,0,16,0.8125
9025,11,2,1,0,0,14,0.7857142857142857
9026,12,2,1,0,0,15,0.8
9027,13,2,1,0,0,16,0.8125
9028,12,2,1,0,0,15,0.8
9029,13,2,1,0,0,16,0.8125
9030,12,2,1,0,0,15,0.8
9031,13,2,1,0,0,16,0.8125
9032,13,2,1,0,0,16,0.8125
9033,13,2,1,0,0,16,0.8125
9034,12,2,1,0,0,15,0.8
9035,13,2,1,0,0,16,0.8125
9036,12,2,1,0,0,15,0.8
9037,13,2,1,0,0,16,0.8125
9038,13,2,1,0,0,16,0.8125
9039,12,2,0,0,0,14,0.8571428571428571
9040,13,2,1,0,0,16,0.8125
9041,12,2,1,0,0,15,0.8
9042,13,2,1,0,0,16,0.8125
9043,14,2,1,0,0,17,0.8235294117647058
9044,13,2,1,0,0,16,0.8125
9045,13,2,1,0,0,16,0.8125
9046,13,2,1,0,0,16,0.8125
9047,12,2,1,0,0,15,0.8
9048,13,2,1,0,0,16,0.8125
9049,13,2,1,0,0,16,0.8125
9050,12,3,1,0,0,16,0.75
9051,13,2,1,0,0,16,0.8125
9052,12,2,1,0,0,15,0.8
9053,12,2,1,0,0,15,0.8
9054,11,1,1,0,0,13,0.8461538461538461
9055,13,2,1,0,0,16,0.8125
9056,13,2,1,0,0,16,0.8125
9057,14,2,1,0,0,17,0.8235294117647058
9058,14,2,0,0,0,16,0.875
9059,12,2,1,0,0,15,0.8
9060,13,2,0,0,0,15,0.8666666666666667
9061,14,2,1,0,0,17,0.8235294117647058
9062,12,2,1,0,0,15,0.8
9063,13,2,1,0,0,16,0.8125
9064,11,2,1,0,0,14,0.7857142857142857
9065,11,2,0,0,0,13,0.8461538461538461
9066,14,2,1,0,0,17,0.8235294117647058
9067,14,2,0,0,0,16,0.875
9068,12,2,0,0,0,14,0.8571428571428571
9069,12,2,0,0,0,14,0.8571428571428571
9070,14,2,1,0,0,17,0.8235294117647058
9071,13,2,0,0,0,15,0.8666666666666667
9072,14,2,0,0,0,16,0.875
9073,14,2,0,0,0,16,0.875
9074,12,2,1,0,0,15,0.8
9075,14,2,1,0,0,17,0.8235294117647058
9076,13,2,0,0,0,15,0.8666666666666667
9077,14,2,0,0,0,16,0.875
9078,13,2,1,0,0,16,0.8125
9079,14,1,1,0,0,16,0.875
9080,13,2,1,0,0,16,0.8125
9081,13,2,1,0,0,16,0.8125
9082,11,2,1,0,0,14,0.7857142857142857
9083,14,2,0,0,0,16,0.875
9084,12,2,0,0,0,14,0.8571428571428571
9085,13,2,1,0,0,16,0.8125
9086,13,2,1,0,0,16,0.8125
9087,13,2,1,0,0,16,0.8125
9088,13,2,0,0,0,15,0.8666666666666667
9089,13,2,0,0,0,15,0.8666666666666667
9090,11,1,1,0,0,13,0.8461538461538461
9091,13,2,1,0,0,16,0.8125
9092,14,2,1,0,0,17,0.8235294117647058
9093,13,2,1,0,0,16,0.8125
9094,12,2,1,0,0,15,0.8
9095,13,2,1,0,0,16,0.8125
9096,14,2,1,0,0,17,0.8235294117647058
9097,12,3,1,0,0,16,0.75
9098,12,2,1,0,0,15,0.8
9099,13,2,1,0,0,16,0.8125
9100,13,2,1,0,0,16,0.8125
9101,13,2,1,0,0,16,0.8125
9102,12,2,0,0,0,14,0.8571428571428571
9103,12,2,0,0,0,14,0.8571428571428571
9104,13,2,1,0,0,16,0.8125
9105,13,2,0,0,0,15,0.8666666666666667
9106,13,2,1,0,0,16,0.8125
9107,13,2,1,0,0,16,0.8125
9108,12,2,1,0,0,15,0.8
9109,13,3,0,0,0,16,0.8125
9110,13,2,0,0,0,15,0.8666666666666667
9111,13,2,0,0,0,15,0.8666666666666667
9112,12,2,1,0,0,15,0.8
9113,14,2,0,0,0,16,0.875
9114,12,2,1,0,0,15,0.8
9115,13,2,0,0,0,15,0.8666666666666667
9116,12,2,1,0,0,15,0.8
9117,11,2,1,0,0,14,0.7857142857142857
9118,13,2,0,0,0,15,0.8666666666666667
9119,13,2,0,0,0,15,0.8666666666666667
9120,14,2,1,0,0,17,0.8235294117647058
9121,14,2,0,0,0,16,0.875
9122,13,2,0,0,0,15,0.8666666666666667
9123,14,2,0,0,0,16,0.875
9124,14,2,1,0,0,17,0.8235294117647058
9125,12,2,1,0,0,15,0.8
9126,13,2,0,0,0,15,0.8666666666666667
9127,13,2,0,0,0,15,0.8666666666666667
9128,13,2,0,0,0,15,0.8666666666666667
9129,13,2,0,0,0,15,0.8666666666666667
9130,13,2,0,0,0,15,0.8666666666666667
9131,14,2,1,0,0,17,0.8235294117647058
9132,14,2,0,0,0,16,0.875
9133,14,2,1,0,0,17,0.8235294117647058
9134,12,2,0,0,0,14,0.8571428571428571
9135,11,2,0,0,0,13,0.8461538461538461
9136,13,2,1,0,0,16,0.8125
9137,13,2,1,0,0,16,0.8125
9138,13,2,1,0,0,16,0.8125
9139,12,2,0,0,0,14,0.8571428571428571
9140,13,2,1,0,0,16,0.8125
9141,12,2,1,0,0,15,0.8
9142,14,2,1,0,0,17,0.8235294117647058
9143,14,2,0,0,0,16,0.875
9144,13,2,0,0,0,15,0.8666666666666667
9145,13,2,0,0,0,15,0.8666666666666667
9146,11,2,0,0,0,13,0.8461538461538461
9147,12,2,0,0,0,14,0.8571428571428571
9148,12,2,0,0,0,14,0.8571428571428571
9149,13,2,0,0,0,15,0.8666666666666667
9150,14,2,0,0,0,16,0.875
9151,14,2,0,0,0,16,0.875
9152,14,2,0,0,0,16,0.875
9153,14,2,0,0,0,16,0.875
9154,13,2,0,0,0,15,0.8666666666666667
9155,13,2,0,0,0,15,0.8666666666666667
9156,13,2,1,0,0,16,0.8125
9157,12,2,0,0,0,14,0.8571428571428571
9158,13,2,0,0,0,15,0.8666666666666667
9159,13,2,0,0,0,15,0.8666666666666667
9160,13,2,0,0,0,15,0.8666666666666667
9161,13,2,1,0,0,16,0.8125
9162,12,2,0,0,0,14,0.8571428571428571
9163,12,2,0,0,0,14,0.8571428571428571
9164,13,2,1,0,0,16,0.8125
9165,14,2,1,0,0,17,0.8235294117647058
9166,12,3,0,0,0,15,0.8
9167,11,2,0,0,0,13,0.8461538461538461
9168,13,2,0,0,0,15,0.8666666666666667
9169,11,2,0,0,0,13,0.8461538461538461
9170,13,2,0,0,0,15,0.8666666666666667
9171,13,2,0,0,0,15,0.8666666666666667
9172,13,1,0,0,0,14,0.9285714285714286
9173,15,2,0,0,0,17,0.8823529411764706
9174,13,2,0,0,0,15,0.8666666666666667
9175,13,2,0,0,0,15,0.8666666666666667
9176,12,2,1,0,0,15,0.8
9177,14,2,1,0,0,17,0.8235294117647058
9178,12,2,0,0,0,14,0.8571428571428571
9179,12,2,0,0,0,14,0.8571428571428571
9180,14,2,1,0,0,17,0.8235294117647058
9181,11,2,0,0,0,13,0.8461538461538461
9182,15,2,1,0,0,18,0.8333333333333334
9183,14,2,1,0,0,17,0.8235294117647058
9184,14,2,0,0,0,16,0.875
9185,15,2,1,0,0,18,0.8333333333333334
9186,13,2,1,0,0,16,0.8125
9187,11,2,0,0,0,13,0.8461538461538461
9188,13,3,0,0,0,16,0.8125
9189,13,2,0,0,0,15,0.8666666666666667
9190,12,2,0,0,0,14,0.8571428571428571
9191,11,2,0,0,0,13,0.8461538461538461
9192,12,2,1,0,0,15,0.8
9193,13,2,0,0,0,15,0.8666666666666667
9194,14,2,1,0,0,17,0.8235294117647058
9195,14,2,1,0,0,17,0.8235294117647058
9196,14,2,1,0,0,17,0.8235294117647058
9197,13,2,1,0,0,16,0.8125
9198,12,2,1,0,0,15,0.8
9199,14,2,0,0,0,16,0.875
9200,11,2,0,0,0,13,0.8461538461538461
9201,12,2,1,0,0,15,0.8
9202,14,2,1,0,0,17,0.8235294117647058
9203,13,2,1,0,0,16,0.8125
9204,13,2,1,0,0,16,0.8125
9205,12,2,1,0,0,15,0.8
9206,13,2,1,0,0,16,0.8125
9207,13,2,1,0,0,16,0.8125
9208,13,2,1,0,0,16,0.8125
9209,12,2,1,0,0,15,0.8
9210,13,2,1,0,0,16,0.8125
9211,14,2,1,0,0,17,0.8235294117647058
9212,13,2,1,0,0,16,0.8125
9213,15,2,1,0,0,18,0.8333333333333334
9214,13,2,1,0,0,16,0.8125
9215,14,2,1,0,0,17,0.8235294117647058
9216,15,2,1,0,0,18,0.8333333333333334
9217,13,2,0,0,0,15,0.8666666666666667
9218,13,2,1,0,0,16,0.8125
9219,14,2,0,0,0,16,0.875
9220,13,2,0,0,0,15,0.8666666666666667
9221,13,2,0,0,0,15,0.8666666666666667
9222,12,2,0,0,0,14,0.8571428571428571
9223,11,2,0,0,0,13,0.8461538461538461
9224,14,2,0,0,0,16,0.875
9225,13,2,0,0,0,15,0.8666666666666667
9226,13,2,0,0,0,15,0.8666666666666667
9227,12,2,1,0,0,15,0.8
9228,14,2,1,0,0,17,0.8235294117647058
9229,12,2,0,0,0,14,0.8571428571428571
9230,12,2,1,0,0,15,0.8
9231,12,2,0,0,0,14,0.8571428571428571
9232,13,2,0,0,0,15,0.8666666666666667
9233,13,2,1,0,0,16,0.8125
9234,13,2,0,0,0,15,0.8666666666666667
9235,12,2,0,0,0,14,0.8571428571428571
9236,13,2,0,0,0,15,0.8666666666666667
9237,13,2,0,0,0,15,0.8666666666666667
9238,13,2,1,0,0,16,0.8125
9239,13,2,1,0,0,16,0.8125
9240,12,2,1,0,0,15,0.8
9241,13,2,0,0,0,15,0.8666666666666667
9242,12,2,0,0,0,14,0.8571428571428571
9243,13,2,1,0,0,16,0.8125
9244,12,2,1,0,0,15,0.8
9245,13,2,1,0,0,16,0.8125
9246,13,2,1,0,0,16,0.8125
9247,13,2,1,0,0,16,0.8125
9248,13,2,0,0,0,15,0.8666666666666667
9249,13,2,1,0,0,16,0.8125
9250,13,2,1,0,0,16,0.8125
9251,12,2,1,0,0,15,0.8
9252,12,2,0,0,0,14,0.8571428571428571
9253,12,2,1,0,0,15,0.8
9254,12,2,1,0,0,15,0.8
9255,11,2,1,0,0,14,0.7857142857142857
9256,12,2,1,0,0,15,0.8
9257,11,3,1,0,0,15,0.7333333333333333
9258,12,2,1,0,0,15,0.8
9259,12,3,0,0,0,15,0.8
9260,13,2,1,0,0,16,0.8125
9261,12,2,1,0,0,15,0.8
9262,12,2,1,0,0,15,0.8
9263,13,2,1,0,0,16,0.8125
9264,13,2,1,0,0,16,0.8125
9265,11,2,1,0,0,14,0.7857142857142857
9266,14,2,1,0,0,17,0.8235294117647058
9267,12,2,1,0,0,15,0.8
9268,14,2,1,0,0,17,0.8235294117647058
9269,11,2,1,0,0,14,0.7857142857142857
9270,12,2,1,0,0,15,0.8
9271,13,2,1,0,0,16,0.8125
9272,12,2,1,0,0,15,0.8
9273,12,2,0,0,0,14,0.8571428571428571
9274,14,2,0,0,0,16,0.875
9275,11,2,0,0,0,13,0.8461538461538461
9276,14,2,0,0,0,16,0.875
9277,15,2,1,0,0,18,0.8333333333333334
9278,12,2,0,0,0,14,0.8571428571428571
9279,13,2,1,0,0,16,0.8125
9280,15,2,1,0,0,18,0.8333333333333334
9281,14,2,1,0,0,17,0.8235294117647058
9282,14,2,0,0,0,16,0.875
9283,14,2,0,0,0,16,0.875
9284,15,2,0,0,0,17,0.8823529411764706
9285,13,2,0,0,0,15,0.8666666666666667
9286,13,2,0,0,0,15,0.8666666666666667
9287,15,2,0,0,0,17,0.8823529411764706
9288,14,2,0,0,0,16,0.875
9289,12,2,0,0,0,14,0.8571428571428571
9290,11,2,0,0,0,13,0.8461538461538461
9291,11,2,0,0,0,13,0.8461538461538461
9292,13,2,0,0,0,15,0.8666666666666667
9293,14,2,0,0,0,16,0.875
9294,14,2,0,0,0,16,0.875
9295,13,2,0,0,0,15,0.8666666666666667
9296,14,2,0,0,0,16,0.875
9297,14,1,0,0,0,15,0.9333333333333333
9298,14,2,0,0,0,16,0.875
9299,12,2,0,0,0,14,0.8571428571428571
9300,12,2,0,0,0,14,0.8571428571428571
9301,12,2,0,0,0,14,0.8571428571428571
9302,13,2,0,0,0,15,0.8666666666666667
9303,13,2,0,0,0,15,0.8666666666666667
9304,13,2,0,0,0,15,0.8666666666666667
9305,12,2,0,0,0,14,0.8571428571428571
9306,12,2,0,0,0,14,0.8571428571428571
9307,13,2,0,0,0,15,0.8666666666666667
9308,13,2,0,0,0,15,0.8666666666666667
9309,12,2,0,0,0,14,0.8571428571428571
9310,13,2,0,0,0,15,0.8666666666666667
9311,12,2,0,0,0,14,0.8571428571428571
9312,12,2,0,0,0,14,0.8571428571428571
9313,14,2,0,0,0,16,0.875
9314,11,1,0,0,0,12,0.9166666666666666
9315,11,2,0,0,0,13,0.8461538461538461
9316,11,2,0,0,0,13,0.8461538461538461
9317,13,1,0,0,0,14,0.9285714285714286
9318,11,1,0,0,0,12,0.9166666666666666
9319,12,2,0,0,0,14,0.8571428571428571
9320,11,2,0,0,0,13,0.8461538461538461
9321,12,2,0,0,0,14,0.8571428571428571
9322,13,1,0,0,0,14,0.9285714285714286
9323,11,2,0,0,0,13,0.8461538461538461
9324,14,2,0,0,0,16,0.875
9325,13,2,0,0,0,15,0.8666666666666667
9326,11,2,0,0,0,13,0.8461538461538461
9327,13,2,0,0,0,15,0.8666666666666667
9328,13,2,0,0,0,15,0.8666666666666667
9329,10,2,0,0,0,12,0.8333333333333334
9330,12,2,0,0,0,14,0.8571428571428571
9331,13,2,0,0,0,15,0.8666666666666667
9332,11,2,0,0,0,13,0.8461538461538461
9333,12,2,0,0,0,14,0.8571428571428571
9334,12,1,0,0,0,13,0.9230769230769231
9335,12,2,0,0,0,14,0.8571428571428571
9336,13,2,0,0,0,15,0.8666666666666667
9337,12,2,0,0,0,14,0.8571428571428571
9338,12,2,0,0,0,14,0.8571428571428571
9339,14,2,0,0,0,16,0.875
9340,12,2,0,0,0,14,0.8571428571428571
9341,14,2,0,0,0,16,0.875
9342,12,2,0,0,0,14,0.8571428571428571
9343,13,2,0,0,0,15,0.8666666666666667
9344,12,2,0,0,0,14,0.8571428571428571
9345,12,2,0,0,0,14,0.8571428571428571
9346,13,2,0,0,0,15,0.8666666666666667
9347,12,2,0,0,0,14,0.8571428571428571
9348,11,2,0,0,0,13,0.8461538461538461
9349,14,2,0,0,0,16,0.875
9350,10,2,0,0,0,12,0.8333333333333334
9351,13,2,0,0,0,15,0.8666666666666667
9352,13,2,0,0,0,15,0.8666666666666667
9353,11,2,0,0,0,13,0.8461538461538461
9354,13,2,0,0,0,15,0.8666666666666667
9355,12,2,0,0,0,14,0.8571428571428571
9356,15,2,0,0,0,17,0.8823529411764706
9357,14,2,0,0,0,16,0.875
9358,11,2,0,0,0,13,0.8461538461538461
9359,13,2,0,0,0,15,0.8666666666666667
9360,11,2,0,0,0,13,0.8461538461538461
9361,14,2,0,0,0,16,0.875
9362,12,2,0,0,0,14,0.8571428571428571
9363,13,2,0,0,0,15,0.8666666666666667
9364,13,2,0,0,0,15,0.8666666666666667
9365,11,2,0,0,0,13,0.8461538461538461
9366,12,2,0,0,0,14,0.8571428571428571
9367,14,2,0,0,0,16,0.875
9368,13,2,0,0,0,15,0.8666666666666667
9369,12,2,0,0,0,14,0.8571428571428571
9370,12,2,0,0,0,14,0.8571428571428571
9371,13,2,0,0,0,15,0.8666666666666667
9372,14,2,0,0,0,16,0.875
9373,11,2,0,0,0,13,0.8461538461538461
9374,11,2,0,0,0,13,0.8461538461538461
9375,12,2,0,0,0,14,0.8571428571428571
9376,12,2,0,0,0,14,0.8571428571428571
9377,12,2,0,0,0,14,0.8571428571428571
9378,12,2,0,0,0,14,0.8571428571428571
9379,13,2,0,0,0,15,0.8666666666666667
9380,13,2,0,0,0,15,0.8666666666666667
9381,14,2,0,0,0,16,0.875
9382,14,2,0,0,0,16,0.875
9383,14,2,0,0,0,16,0.875
9384,14,2,0,0,0,16,0.875
9385,14,2,0,0,0,16,0.875
9386,13,2,0,0,0,15,0.8666666666666667
9387,14,2,0,0,0,16,0.875
9388,12,2,0,0,0,14,0.8571428571428571
9389,15,2,0,0,0,17,0.8823529411764706
9390,13,2,0,0,0,15,0.8666666666666667
9391,11,2,0,0,0,13,0.8461538461538461
9392,11,2,0,0,0,13,0.8461538461538461
9393,12,2,0,0,0,14,0.8571428571428571
9394,11,2,0,0,0,13,0.8461538461538461
9395,13,2,0,0,0,15,0.8666666666666667
9396,11,2,0,0,0,13,0.8461538461538461
9397,13,2,0,0,0,15,0.8666666666666667
9398,12,2,0,0,0,14,0.8571428571428571
9399,12,2,0,0,0,14,0.8571428571428571
9400,13,2,0,0,0,15,0.8666666666666667
9401,13,2,0,0,0,15,0.8666666666666667
9402,11,2,0,0,0,13,0.8461538461538461
9403,12,2,0,0,0,14,0.8571428571428571
9404,13,2,0,0,0,15,0.8666666666666667
9405,13,1,0,0,0,14,0.9285714285714286
9406,13,2,0,0,0,15,0.8666666666666667
9407,13,2,0,0,0,15,0.8666666666666667
9408,13,2,0,0,0,15,0.8666666666666667
9409,13,2,0,0,0,15,0.8666666666666667
9410,14,2,0,0,0,16,0.875
9411,12,1,0,0,0,13,0.9230769230769231
9412,11,2,0,0,0,13,0.8461538461538461
9413,11,2,0,0,0,13,0.8461538461538461
9414,13,2,0,0,0,15,0.8666666666666667
9415,13,2,0,0,0,15,0.8666666666666667
9416,12,2,0,0,0,14,0.8571428571428571
9417,12,2,0,0,0,14,0.8571428571428571
9418,13,2,0,0,0,15,0.8666666666666667
9419,11,2,0,0,0,13,0.8461538461538461
9420,12,2,0,0,0,14,0.8571428571428571
9421,12,2,0,0,0,14,0.8571428571428571
9422,11,2,0,0,0,13,0.8461538461538461
9423,12,2,0,0,0,14,0.8571428571428571
9424,12,2,0,0,0,14,0.8571428571428571
9425,14,2,0,0,0,16,0.875
9426,13,2,0,0,0,15,0.8666666666666667
9427,14,2,0,0,0,16,0.875
9428,13,2,0,0,0,15,0.8666666666666667
9429,12,2,0,0,0,14,0.8571428571428571
9430,13,2,0,0,0,15,0.8666666666666667
9431,11,2,0,0,0,13,0.8461538461538461
9432,12,2,0,0,0,14,0.8571428571428571
9433,12,2,0,0,0,14,0.8571428571428571
9434,12,2,0,0,0,14,0.8571428571428571
9435,14,2,0,0,0,16,0.875
9436,13,2,0,0,0,15,0.8666666666666667
9437,13,2,0,0,0,15,0.8666666666666667
9438,12,2,0,0,0,14,0.8571428571428571
9439,13,2,0,0,0,15,0.8666666666666667
9440,13,2,0,0,0,15,0.8666666666666667
9441,12,2,0,0,0,14,0.8571428571428571
9442,13,2,0,0,0,15,0.8666666666666667
9443,12,2,0,0,0,14,0.8571428571428571
9444,13,2,0,0,0,15,0.8666666666666667
9445,15,2,0,0,0,17,0.8823529411764706
9446,12,2,0,0,0,14,0.8571428571428571
9447,13,2,0,0,0,15,0.8666666666666667
9448,14,2,0,0,0,16,0.875
9449,14,2,0,0,0,16,0.875
9450,15,2,0,0,0,17,0.8823529411764706
9451,14,2,0,0,0,16,0.875
9452,14,2,0,0,0,16,0.875
9453,13,2,0,0,0,15,0.8666666666666667
9454,13,2,0,0,0,15,0.8666666666666667
9455,11,2,0,0,0,13,0.8461538461538461
9456,14,2,0,0,0,16,0.875
9457,14,2,0,0,0,16,0.875
9458,14,2,0,0,0,16,0.875
9459,14,2,0,0,0,16,0.875
9460,12,2,0,0,0,14,0.8571428571428571
9461,14,2,0,0,0,16,0.875
9462,13,2,0,0,0,15,0.8666666666666667
9463,12,2,0,0,0,14,0.8571428571428571
9464,13,2,0,0,0,15,0.8666666666666667
9465,14,2,0,0,0,16,0.875
9466,14,2,0,0,0,16,0.875
9467,12,2,0,0,0,14,0.8571428571428571
9468,14,2,0,0,0,16,0.875
9469,12,2,0,0,0,14,0.8571428571428571
9470,14,2,0,0,0,16,0.875
9471,13,2,0,0,0,15,0.8666666666666667
9472,14,2,0,0,0,16,0.875
9473,13,2,0,0,0,15,0.8666666666666667
9474,13,2,0,0,0,15,0.8666666666666667
9475,14,2,0,0,0,16,0.875
9476,13,2,0,0,0,15,0.8666666666666667
9477,15,2,0,0,0,17,0.8823529411764706
9478,13,2,0,0,0,15,0.8666666666666667
9479,15,2,0,0,0,17,0.8823529411764706
9480,14,2,0,0,0,16,0.875
9481,13,2,0,0,0,15,0.8666666666666667
9482,15,2,0,0,0,17,0.8823529411764706
9483,13,2,0,0,0,15,0.8666666666666667
9484,13,2,0,0,0,15,0.8666666666666667
9485,14,2,0,0,0,16,0.875
9486,12,2,0,0,0,14,0.8571428571428571
9487,13,2,0,0,0,15,0.8666666666666667
9488,14,2,0,0,0,16,0.875
9489,14,2,0,0,0,16,0.875
9490,11,2,0,0,0,13,0.8461538461538461
9491,14,2,0,0,0,16,0.875
9492,14,2,0,0,0,16,0.875
9493,12,2,0,0,0,14,0.8571428571428571
9494,14,2,0,0,0,16,0.875
9495,14,2,0,0,0,16,0.875
9496,14,2,0,0,0,16,0.875
9497,13,2,0,0,0,15,0.8666666666666667
9498,13,2,0,0,0,15,0.8666666666666667
9499,13,2,0,0,0,15,0.8666666666666667
9500,15,2,0,0,0,17,0.8823529411764706
9501,13,2,0,0,0,15,0.8666666666666667
9502,13,2,0,0,0,15,0.8666666666666667
9503,12,2,0,0,0,14,0.8571428571428571
9504,13,2,0,0,0,15,0.8666666666666667
9505,13,2,0,0,0,15,0.8666666666666667
9506,13,2,0,0,0,15,0.8666666666666667
9507,11,2,0,0,0,13,0.8461538461538461
9508,13,2,0,0,0,15,0.8666666666666667
9509,12,2,0,0,0,14,0.8571428571428571
9510,12,2,0,0,0,14,0.8571428571428571
9511,13,2,0,0,0,15,0.8666666666666667
9512,14,2,0,0,0,16,0.875
9513,13,2,0,0,0,15,0.8666666666666667
9514,13,2,0,0,0,15,0.8666666666666667
9515,14,2,0,0,0,16,0.875
9516,13,2,0,0,0,15,0.8666666666666667
9517,13,2,0,0,0,15,0.8666666666666667
9518,14,2,0,0,0,16,0.875
9519,11,2,0,0,0,13,0.8461538461538461
9520,14,2,0,0,0,16,0.875
9521,13,2,0,0,0,15,0.8666666666666667
9522,14,2,0,0,0,16,0.875
9523,12,2,0,0,0,14,0.8571428571428571
9524,13,2,0,0,0,15,0.8666666666666667
9525,12,2,0,0,0,14,0.8571428571428571
9526,13,2,0,0,0,15,0.8666666666666667
9527,12,2,0,0,0,14,0.8571428571428571
9528,12,2,0,0,0,14,0.8571428571428571
9529,14,2,0,0,0,16,0.875
9530,14,2,0,0,0,16,0.875
9531,13,2,0,0,0,15,0.8666666666666667
9532,13,2,0,0,0,15,0.8666666666666667
9533,14,2,0,0,0,16,0.875
9534,14,2,0,0,0,16,0.875
9535,14,2,0,0,0,16,0.875
9536,14,2,0,0,0,16,0.875
9537,14,2,0,0,0,16,0.875
9538,13,2,0,0,0,15,0.8666666666666667
9539,12,2,0,0,0,14,0.8571428571428571
9540,13,2,0,0,0,15,0.8666666666666667
9541,14,2,0,0,0,16,0.875
9542,13,2,0,0,0,15,0.8666666666666667
9543,14,2,0,0,0,16,0.875
9544,14,2,0,0,0,16,0.875
9545,13,2,0,0,0,15,0.8666666666666667
9546,13,2,0,0,0,15,0.8666666666666667
9547,13,2,0,0,0,15,0.8666666666666667
9548,13,2,0,0,0,15,0.8666666666666667
9549,13,2,0,0,0,15,0.8666666666666667
9550,13,2,0,0,0,15,0.8666666666666667
9551,14,2,0,0,0,16,0.875
9552,14,2,0,0,0,16,0.875
9553,13,2,0,0,0,15,0.8666666666666667
9554,14,2,0,0,0,16,0.875
9555,12,2,0,0,0,14,0.8571428571428571
9556,15,2,0,0,0,17,0.8823529411764706
9557,14,2,0,0,0,16,0.875
9558,14,2,0,0,0,16,0.875
9559,15,2,0,0,0,17,0.8823529411764706
9560,15,2,0,0,0,17,0.8823529411764706
9561,13,2,0,0,0,15,0.8666666666666667
9562,14,2,0,0,0,16,0.875
9563,13,2,0,0,0,15,0.8666666666666667
9564,12,2,0,0,0,14,0.8571428571428571
9565,13,2,0,0,0,15,0.8666666666666667
9566,13,2,0,0,0,15,0.8666666666666667
9567,14,2,0,0,0,16,0.875
9568,15,2,0,0,0,17,0.8823529411764706
9569,13,2,0,0,0,15,0.8666666666666667
9570,13,2,0,0,0,15,0.8666666666666667
9571,14,2,0,0,0,16,0.875
9572,15,2,0,0,0,17,0.8823529411764706
9573,14,2,0,0,0,16,0.875
9574,12,2,0,0,0,14,0.8571428571428571
9575,16,2,0,0,0,18,0.8888888888888888
9576,16,2,0,0,0,18,0.8888888888888888
9577,14,2,0,0,0,16,0.875
9578,13,2,0,0,0,15,0.8666666666666667
9579,13,2,0,0,0,15,0.8666666666666667
9580,13,2,0,0,0,15,0.8666666666666667
9581,13,2,0,0,0,15,0.8666666666666667
9582,14,2,0,0,0,16,0.875
9583,13,2,0,0,0,15,0.8666666666666667
9584,13,2,0,0,0,15,0.8666666666666667
9585,13,2,0,0,0,15,0.8666666666666667
9586,14,2,0,0,0,16,0.875
9587,15,2,0,0,0,17,0.8823529411764706
9588,13,2,0,0,0,15,0.8666666666666667
9589,15,2,0,0,0,17,0.8823529411764706
9590,14,2,0,0,0,16,0.875
9591,11,2,0,0,0,13,0.8461538461538461
9592,13,2,0,0,0,15,0.8666666666666667
9593,12,2,0,0,0,14,0.8571428571428571
9594,12,2,0,0,0,14,0.8571428571428571
9595,12,2,0,0,0,14,0.8571428571428571
9596,13,2,0,0,0,15,0.8666666666666667
9597,13,2,0,0,0,15,0.8666666666666667
9598,13,2,0,0,0,15,0.8666666666666667
9599,11,2,0,0,0,13,0.8461538461538461
9600,14,2,0,0,0,16,0.875
9601,11,2,0,0,0,13,0.8461538461538461
9602,13,2,0,0,0,15,0.8666666666666667
9603,13,2,0,0,0,15,0.8666666666666667
9604,12,2,0,0,0,14,0.8571428571428571
9605,13,2,0,0,0,15,0.8666666666666667
9606,12,2,0,0,0,14,0.8571428571428571
9607,13,2,0,0,0,15,0.8666666666666667
9608,13,2,0,0,0,15,0.8666666666666667
9609,14,2,0,0,0,16,0.875
9610,14,2,0,0,0,16,0.875
9611,13,2,0,0,0,15,0.8666666666666667
9612,14,2,0,0,0,16,0.875
9613,12,2,0,0,0,14,0.8571428571428571
9614,12,2,0,0,0,14,0.8571428571428571
9615,14,2,0,0,0,16,0.875
9616,14,2,0,0,0,16,0.875
9617,14,2,0,0,0,16,0.875
9618,15,2,0,0,0,17,0.8823529411764706
9619,13,2,0,0,0,15,0.8666666666666667
9620,12,2,0,0,0,14,0.8571428571428571
9621,14,2,0,0,0,16,0.875
9622,13,2,0,0,0,15,0.8666666666666667
9623,13,2,0,0,0,15,0.8666666666666667
9624,13,2,0,0,0,15,0.8666666666666667
9625,14,2,0,0,0,16,0.875
9626,14,2,0,0,0,16,0.875
9627,14,2,0,0,0,16,0.875
9628,13,2,0,0,0,15,0.8666666666666667
9629,13,2,0,0,0,15,0.8666666666666667
9630,11,2,0,0,0,13,0.8461538461538461
9631,13,2,0,0,0,15,0.8666666666666667
9632,13,2,0,0,0,15,0.8666666666666667
9633,12,2,0,0,0,14,0.8571428571428571
9634,14,2,0,0,0,16,0.875
9635,14,2,0,0,0,16,0.875
9636,14,2,0,0,0,16,0.875
9637,14,2,0,0,0,16,0.875
9638,12,2,0,0,0,14,0.8571428571428571
9639,12,2,0,0,0,14,0.8571428571428571
9640,13,2,0,0,0,15,0.8666666666666667
9641,14,2,0,0,0,16,0.875
9642,13,2,0,0,0,15,0.8666666666666667
9643,13,2,0,0,0,15,0.8666666666666667
9644,13,2,0,0,0,15,0.8666666666666667
9645,11,2,0,0,0,13,0.8461538461538461
9646,14,2,0,0,0,16,0.875
9647,15,2,0,0,0,17,0.8823529411764706
9648,13,2,0,0,0,15,0.8666666666666667
9649,14,2,0,0,0,16,0.875
9650,12,2,0,0,0,14,0.8571428571428571
9651,10,2,0,0,0,12,0.8333333333333334
9652,13,2,0,0,0,15,0.8666666666666667
9653,13,2,0,0,0,15,0.8666666666666667
9654,12,2,0,0,0,14,0.8571428571428571
9655,14,2,0,0,0,16,0.875
9656,13,2,0,0,0,15,0.8666666666666667
9657,15,2,0,0,0,17,0.8823529411764706
9658,13,2,0,0,0,15,0.8666666666666667
9659,14,2,0,0,0,16,0.875
9660,13,2,0,0,0,15,0.8666666666666667
9661,14,2,0,0,0,16,0.875
9662,12,2,0,0,0,14,0.8571428571428571
9663,12,2,0,0,0,14,0.8571428571428571
9664,13,2,0,0,0,15,0.8666666666666667
9665,13,2,0,0,0,15,0.8666666666666667
9666,13,2,0,0,0,15,0.8666666666666667
9667,14,2,0,0,0,16,0.875
9668,14,2,0,0,0,16,0.875
9669,13,2,0,0,0,15,0.8666666666666667
9670,14,2,0,0,0,16,0.875
9671,14,2,0,0,0,16,0.875
9672,15,2,0,0,0,17,0.8823529411764706
9673,13,2,0,0,0,15,0.8666666666666667
9674,13,2,0,0,0,15,0.8666666666666667
9675,14,2,0,0,0,16,0.875
9676,14,2,0,0,0,16,0.875
9677,13,2,0,0,0,15,0.8666666666666667
9678,14,2,0,0,0,16,0.875
9679,12,2,0,0,0,14,0.8571428571428571
9680,13,2,0,0,0,15,0.8666666666666667
9681,14,2,0,0,0,16,0.875
9682,12,2,0,0,0,14,0.8571428571428571
9683,13,2,0,0,0,15,0.8666666666666667
9684,12,2,0,0,0,14,0.8571428571428571
9685,14,2,0,0,0,16,0.875
9686,13,2,0,0,0,15,0.8666666666666667
9687,14,2,0,0,0,16,0.875
9688,12,2,0,0,0,14,0.8571428571428571
9689,13,2,0,0,0,15,0.8666666666666667
9690,11,2,0,0,0,13,0.8461538461538461
9691,13,2,0,0,0,15,0.8666666666666667
9692,14,2,0,0,0,16,0.875
9693,14,2,0,0,0,16,0.875
9694,14,2,0,0,0,16,0.875
9695,12,2,0,0,0,14,0.8571428571428571
9696,13,2,0,0,0,15,0.8666666666666667
9697,13,2,0,0,0,15,0.8666666666666667
9698,12,2,0,0,0,14,0.8571428571428571
9699,15,2,0,0,0,17,0.8823529411764706
9700,14,2,0,0,0,16,0.875
9701,12,2,0,0,0,14,0.8571428571428571
9702,13,2,0,0,0,15,0.8666666666666667
9703,14,2,0,0,0,16,0.875
9704,13,2,0,0,0,15,0.8666666666666667
9705,14,2,0,0,0,16,0.875
9706,13,2,0,0,0,15,0.8666666666666667
9707,11,2,0,0,0,13,0.8461538461538461
9708,13,2,0,0,0,15,0.8666666666666667
9709,14,2,0,0,0,16,0.875
9710,13,2,0,0,0,15,0.8666666666666667
9711,14,2,0,0,0,16,0.875
9712,15,2,0,0,0,17,0.8823529411764706
9713,14,2,0,0,0,16,0.875
9714,14,2,0,0,0,16,0.875
9715,12,2,0,0,0,14,0.8571428571428571
9716,13,2,0,0,0,15,0.8666666666666667
9717,10,2,0,0,0,12,0.8333333333333334
9718,14,2,0,0,0,16,0.875
9719,12,2,0,0,0,14,0.8571428571428571
9720,13,2,0,0,0,15,0.8666666666666667
9721,13,2,0,0,0,15,0.8666666666666667
9722,11,2,0,0,0,13,0.8461538461538461
9723,13,2,0,0,0,15,0.8666666666666667
9724,14,2,0,0,0,16,0.875
9725,14,1,0,0,0,15,0.9333333333333333
9726,13,2,0,0,0,15,0.8666666666666667
9727,12,2,0,0,0,14,0.8571428571428571
9728,14,2,0,0,0,16,0.875
9729,15,2,0,0,0,17,0.8823529411764706
9730,14,2,0,0,0,16,0.875
9731,12,2,0,0,0,14,0.8571428571428571
9732,13,2,0,0,0,15,0.8666666666666667
9733,14,2,0,0,0,16,0.875
9734,12,2,0,0,0,14,0.8571428571428571
9735,12,2,0,0,0,14,0.8571428571428571
9736,14,2,0,0,0,16,0.875
9737,14,2,0,0,0,16,0.875
9738,13,2,0,0,0,15,0.8666666666666667
9739,12,2,0,0,0,14,0.8571428571428571
9740,12,2,0,0,0,14,0.8571428571428571
9741,12,2,0,0,0,14,0.8571428571428571
9742,13,2,0,0,0,15,0.8666666666666667
9743,13,2,0,0,0,15,0.8666666666666667
9744,13,2,0,0,0,15,0.8666666666666667
9745,14,2,0,0,0,16,0.875
9746,15,2,0,0,0,17,0.8823529411764706
9747,12,2,0,0,0,14,0.8571428571428571
9748,12,2,0,0,0,14,0.8571428571428571
9749,13,2,0,0,0,15,0.8666666666666667
9750,14,2,0,0,0,16,0.875
9751,14,2,0,0,0,16,0.875
9752,13,2,0,0,0,15,0.8666666666666667
9753,14,2,0,0,0,16,0.875
9754,13,2,0,0,0,15,0.8666666666666667
9755,13,2,0,0,0,15,0.8666666666666667
9756,13,2,0,0,0,15,0.8666666666666667
9757,13,2,0,0,0,15,0.8666666666666667
9758,13,2,0,0,0,15,0.8666666666666667
9759,14,2,0,0,0,16,0.875
9760,12,2,0,0,0,14,0.8571428571428571
9761,14,2,0,0,0,16,0.875
9762,13,2,0,0,0,15,0.8666666666666667
9763,14,2,0,0,0,16,0.875
9764,13,2,0,0,0,15,0.8666666666666667
9765,14,2,0,0,0,16,0.875
9766,13,2,0,0,0,15,0.8666666666666667
9767,13,2,0,0,0,15,0.8666666666666667
9768,13,2,0,0,0,15,0.8666666666666667
9769,14,2,0,0,0,16,0.875
9770,12,2,0,0,0,14,0.8571428571428571
9771,12,2,0,0,0,14,0.8571428571428571
9772,13,2,0,0,0,15,0.8666666666666667
9773,13,2,0,0,0,15,0.8666666666666667
9774,13,2,0,0,0,15,0.8666666666666667
9775,13,2,0,0,0,15,0.8666666666666667
9776,14,2,0,0,0,16,0.875
9777,14,2,0,0,0,16,0.875
9778,11,2,0,0,0,13,0.8461538461538461
9779,12,2,0,0,0,14,0.8571428571428571
9780,13,2,0,0,0,15,0.8666666666666667
9781,15,2,0,0,0,17,0.8823529411764706
9782,13,2,0,0,0,15,0.8666666666666667
9783,13,2,0,0,0,15,0.8666666666666667
9784,13,2,0,0,0,15,0.8666666666666667
9785,14,2,0,0,0,16,0.875
9786,14,2,0,0,0,16,0.875
9787,11,2,0,0,0,13,0.8461538461538461
9788,14,2,0,0,0,16,0.875
9789,15,2,0,0,0,17,0.8823529411764706
9790,11,2,0,0,0,13,0.8461538461538461
9791,11,2,0,0,0,13,0.8461538461538461
9792,13,2,0,0,0,15,0.8666666666666667
9793,10,2,0,0,0,12,0.8333333333333334
9794,12,2,0,0,0,14,0.8571428571428571
9795,12,2,0,0,0,14,0.8571428571428571
9796,12,2,0,0,0,14,0.8571428571428571
9797,14,2,0,0,0,16,0.875
9798,13,2,0,0,0,15,0.8666666666666667
9799,11,2,0,0,0,13,0.8461538461538461
9800,12,2,0,0,0,14,0.8571428571428571
9801,13,2,0,0,0,15,0.8666666666666667
9802,12,2,0,0,0,14,0.8571428571428571
9803,12,2,0,0,0,14,0.8571428571428571
9804,12,2,0,0,0,14,0.8571428571428571
9805,13,2,0,0,0,15,0.8666666666666667
9806,14,2,0,0,0,16,0.875
9807,13,2,0,0,0,15,0.8666666666666667
9808,13,2,0,0,0,15,0.8666666666666667
9809,13,2,0,0,0,15,0.8666666666666667
9810,12,2,0,0,0,14,0.8571428571428571
9811,14,2,0,0,0,16,0.875
9812,12,2,0,0,0,14,0.8571428571428571
9813,12,2,0,0,0,14,0.8571428571428571
9814,13,2,0,0,0,15,0.8666666666666667
9815,11,2,0,0,0,13,0.8461538461538461
9816,13,2,0,0,0,15,0.8666666666666667
9817,12,2,0,0,0,14,0.8571428571428571
9818,14,2,0,0,0,16,0.875
9819,13,2,0,0,0,15,0.8666666666666667
9820,13,2,0,0,0,15,0.8666666666666667
9821,14,2,0,0,0,16,0.875
9822,13,2,0,0,0,15,0.8666666666666667
9823,12,2,0,0,0,14,0.8571428571428571
9824,12,2,0,0,0,14,0.8571428571428571
9825,12,2,0,0,0,14,0.8571428571428571
9826,13,2,0,0,0,15,0.8666666666666667
9827,12,2,0,0,0,14,0.8571428571428571
9828,13,2,0,0,0,15,0.8666666666666667
9829,13,2,0,0,0,15,0.8666666666666667
9830,12,2,0,0,0,14,0.8571428571428571
9831,12,2,0,0,0,14,0.8571428571428571
9832,13,2,0,0,0,15,0.8666666666666667
9833,13,2,0,0,0,15,0.8666666666666667
9834,13,2,0,0,0,15,0.8666666666666667
9835,13,2,0,0,0,15,0.8666666666666667
9836,12,2,0,0,0,14,0.8571428571428571
9837,14,2,0,0,0,16,0.875
9838,13,2,0,0,0,15,0.8666666666666667
9839,12,2,0,0,0,14,0.8571428571428571
9840,12,2,0,0,0,14,0.8571428571428571
9841,13,2,0,0,0,15,0.8666666666666667
9842,11,2,0,0,0,13,0.8461538461538461
9843,11,2,0,0,0,13,0.8461538461538461
9844,12,2,0,0,0,14,0.8571428571428571
9845,11,2,0,0,0,13,0.8461538461538461
9846,12,2,0,0,0,14,0.8571428571428571
9847,13,2,0,0,0,15,0.8666666666666667
9848,13,2,0,0,0,15,0.8666666666666667
9849,13,2,0,0,0,15,0.8666666666666667
9850,12,2,0,0,0,14,0.8571428571428571
9851,13,2,0,0,0,15,0.8666666666666667
9852,13,2,0,0,0,15,0.8666666666666667
9853,14,2,0,0,0,16,0.875
9854,14,2,0,0,0,16,0.875
9855,11,2,0,0,0,13,0.8461538461538461
9856,12,2,0,0,0,14,0.8571428571428571
9857,15,2,0,0,0,17,0.8823529411764706
9858,12,2,0,0,0,14,0.8571428571428571
9859,12,2,0,0,0,14,0.8571428571428571
9860,14,2,0,0,0,16,0.875
9861,13,2,0,0,0,15,0.8666666666666667
9862,13,2,0,0,0,15,0.8666666666666667
9863,12,2,0,0,0,14,0.8571428571428571
9864,13,2,0,0,0,15,0.8666666666666667
9865,14,2,0,0,0,16,0.875
9866,13,2,0,0,0,15,0.8666666666666667
9867,13,2,0,0,0,15,0.8666666666666667
9868,13,2,0,0,0,15,0.8666666666666667
9869,13,2,0,0,0,15,0.8666666666666667
9870,13,2,0,0,0,15,0.8666666666666667
9871,13,2,0,0,0,15,0.8666666666666667
9872,13,2,0,0,0,15,0.8666666666666667
9873,11,2,0,0,0,13,0.8461538461538461
9874,13,2,0,0,0,15,0.8666666666666667
9875,12,2,0,0,0,14,0.8571428571428571
9876,12,2,0,0,0,14,0.8571428571428571
9877,13,2,0,0,0,15,0.8666666666666667
9878,13,2,0,0,0,15,0.8666666666666667
9879,13,2,0,0,0,15,0.8666666666666667
9880,14,2,0,0,0,16,0.875
9881,12,2,0,0,0,14,0.8571428571428571
9882,14,2,0,0,0,16,0.875
9883,13,2,0,0,0,15,0.8666666666666667
9884,11,2,0,0,0,13,0.8461538461538461
9885,11,2,0,0,0,13,0.8461538461538461
9886,12,2,0,0,0,14,0.8571428571428571
9887,12,2,0,0,0,14,0.8571428571428571
9888,12,2,0,0,0,14,0.8571428571428571
9889,10,2,0,0,0,12,0.8333333333333334
9890,12,2,0,0,0,14,0.8571428571428571
9891,14,2,0,0,0,16,0.875
9892,12,2,0,0,0,14,0.8571428571428571
9893,14,2,0,0,0,16,0.875
9894,12,2,0,0,0,14,0.8571428571428571
9895,14,2,0,0,0,16,0.875
9896,12,2,0,0,0,14,0.8571428571428571
9897,14,2,0,0,0,16,0.875
9898,12,2,0,0,0,14,0.8571428571428571
9899,13,2,0,0,0,15,0.8666666666666667
9900,13,2,0,0,0,15,0.8666666666666667
9901,10,2,0,0,0,12,0.8333333333333334
9902,12,2,0,0,0,14,0.8571428571428571
9903,12,2,0,0,0,14,0.8571428571428571
9904,12,2,0,0,0,14,0.8571428571428571
9905,12,2,0,0,0,14,0.8571428571428571
9906,13,2,0,0,0,15,0.8666666666666667
9907,12,2,0,0,0,14,0.8571428571428571
9908,15,2,0,0,0,17,0.8823529411764706
9909,13,2,0,0,0,15,0.8666666666666667
9910,11,2,0,0,0,13,0.8461538461538461
9911,15,2,0,0,0,17,0.8823529411764706
9912,13,2,0,0,0,15,0.8666666666666667
9913,14,2,0,0,0,16,0.875
9914,15,2,0,0,0,17,0.8823529411764706
9915,12,2,0,0,0,14,0.8571428571428571
9916,12,2,0,0,0,14,0.8571428571428571
9917,11,2,0,0,0,13,0.8461538461538461
9918,14,2,0,0,0,16,0.875
9919,13,2,0,0,0,15,0.8666666666666667
9920,12,2,0,0,0,14,0.8571428571428571
9921,14,2,0,0,0,16,0.875
9922,13,2,0,0,0,15,0.8666666666666667
9923,14,2,0,0,0,16,0.875
9924,13,2,0,0,0,15,0.8666666666666667
9925,13,2,0,0,0,15,0.8666666666666667
9926,14,2,0,0,0,16,0.875
9927,13,2,0,0,0,15,0.8666666666666667
9928,13,2,0,0,0,15,0.8666666666666667
9929,13,2,0,0,0,15,0.8666666666666667
9930,13,2,0,0,0,15,0.8666666666666667
9931,13,2,0,0,0,15,0.8666666666666667
9932,12,2,0,0,0,14,0.8571428571428571
9933,12,2,0,0,0,14,0.8571428571428571
9934,14,2,0,0,0,16,0.875
9935,10,2,0,0,0,12,0.8333333333333334
9936,14,2,0,0,0,16,0.875
9937,15,2,0,0,0,17,0.8823529411764706
9938,13,2,0,0,0,15,0.8666666666666667
9939,13,2,0,0,0,15,0.8666666666666667
9940,15,2,0,0,0,17,0.8823529411764706
9941,13,2,0,0,0,15,0.8666666666666667
9942,13,2,0,0,0,15,0.8666666666666667
9943,13,2,0,0,0,15,0.8666666666666667
9944,12,2,0,0,0,14,0.8571428571428571
9945,13,2,0,0,0,15,0.8666666666666667
9946,13,2,0,0,0,15,0.8666666666666667
9947,13,2,0,0,0,15,0.8666666666666667
9948,13,2,0,0,0,15,0.8666666666666667
9949,12,2,0,0,0,14,0.8571428571428571
9950,13,2,0,0,0,15,0.8666666666666667
9951,12,2,0,0,0,14,0.8571428571428571
9952,13,2,0,0,0,15,0.8666666666666667
9953,13,2,0,0,0,15,0.8666666666666667
9954,12,2,0,0,0,14,0.8571428571428571
9955,12,2,0,0,0,14,0.8571428571428571
9956,11,2,0,0,0,13,0.8461538461538461
9957,13,2,0,0,0,15,0.8666666666666667
9958,12,2,0,0,0,14,0.8571428571428571
9959,13,2,0,0,0,15,0.8666666666666667
9960,14,2,0,0,0,16,0.875
9961,13,2,0,0,0,15,0.8666666666666667
9962,12,2,0,0,0,14,0.8571428571428571
9963,13,2,0,0,0,15,0.8666666666666667
9964,12,2,0,0,0,14,0.8571428571428571
9965,15,2,0,0,0,17,0.8823529411764706
9966,12,2,0,0,0,14,0.8571428571428571
9967,12,2,0,0,0,14,0.8571428571428571
9968,14,2,0,0,0,16,0.875
9969,13,2,0,0,0,15,0.8666666666666667
9970,12,2,0,0,0,14,0.8571428571428571
9971,14,2,0,0,0,16,0.875
9972,12,2,0,0,0,14,0.8571428571428571
9973,13,2,0,0,0,15,0.8666666666666667
9974,13,2,0,0,0,15,0.8666666666666667
9975,12,2,0,0,0,14,0.8571428571428571
9976,13,2,0,0,0,15,0.8666666666666667
9977,14,2,0,0,0,16,0.875
9978,13,2,0,0,0,15,0.8666666666666667
9979,13,2,0,0,0,15,0.8666666666666667
9980,11,2,0,0,0,13,0.8461538461538461
9981,14,2,0,0,0,16,0.875
9982,13,2,0,0,0,15,0.8666666666666667
9983,13,2,0,0,0,15,0.8666666666666667
9984,13,2,0,0,0,15,0.8666666666666667
9985,13,2,0,0,0,15,0.8666666666666667
9986,11,2,0,0,0,13,0.8461538461538461
9987,14,2,0,0,0,16,0.875
9988,11,2,0,0,0,13,0.8461538461538461
9989,12,2,0,0,0,14,0.8571428571428571
9990,12,2,0,0,0,14,0.8571428571428571
9991,14,2,0,0,0,16,0.875
9992,14,2,0,0,0,16,0.875
9993,14,2,0,0,0,16,0.875
9994,13,2,0,0,0,15,0.8666666666666667
9995,15,2,0,0,0,17,0.8823529411764706
9996,14,2,0,0,0,16,0.875
9997,14,2,0,0,0,16,0.875
9998,11,2,0,0,0,13,0.8461538461538461
9999,13,2,0,0,0,15,0.8666666666666667
10000,14,2,0,0,0,16,0.875
10001,14,2,0,0,0,16,0.875
10002,13,2,0,0,0,15,0.8666666666666667
10003,13,2,0,0,0,15,0.8666666666666667
10004,13,2,0,0,0,15,0.8666666666666667
10005,11,2,0,0,0,13,0.8461538461538461
10006,13,2,0,0,0,15,0.8666666666666667
10007,13,2,0,0,0,15,0.8666666666666667
10008,15,2,0,0,0,17,0.8823529411764706
10009,12,2,0,0,0,14,0.8571428571428571
10010,13,2,0,0,0,15,0.8666666666666667
10011,12,2,0,0,0,14,0.8571428571428571
10012,12,2,0,0,0,14,0.8571428571428571
10013,13,2,0,0,0,15,0.8666666666666667
10014,13,2,0,0,0,15,0.8666666666666667
10015,13,2,0,0,0,15,0.8666666666666667
10016,14,2,0,0,0,16,0.875
10017,12,2,0,0,0,14,0.8571428571428571
10018,13,2,0,0,0,15,0.8666666666666667
10019,11,2,0,0,0,13,0.8461538461538461
10020,12,2,0,0,0,14,0.8571428571428571
10021,10,2,0,0,0,12,0.8333333333333334
10022,11,2,0,0,0,13,0.8461538461538461
10023,12,2,0,0,0,14,0.8571428571428571
10024,13,2,0,0,0,15,0.8666666666666667
10025,12,2,0,0,0,14,0.8571428571428571
10026,12,2,0,0,0,14,0.8571428571428571
10027,13,2,0,0,0,15,0.8666666666666667
10028,11,2,0,0,0,13,0.8461538461538461
10029,11,2,0,0,0,13,0.8461538461538461
10030,13,2,0,0,0,15,0.8666666666666667
10031,13,2,0,0,0,15,0.8666666666666667
10032,12,2,0,0,0,14,0.8571428571428571
10033,12,2,0,0,0,14,0.8571428571428571
10034,13,2,0,0,0,15,0.8666666666666667
10035,14,2,0,0,0,16,0.875
10036,13,2,0,0,0,15,0.8666666666666667
10037,13,2,0,0,0,15,0.8666666666666667
10038,12,2,0,0,0,14,0.8571428571428571
10039,12,2,0,0,0,14,0.8571428571428571
10040,12,2,0,0,0,14,0.8571428571428571
10041,11,2,0,0,0,13,0.8461538461538461
10042,11,2,0,0,0,13,0.8461538461538461
10043,11,2,0,0,0,13,0.8461538461538461
10044,12,2,0,0,0,14,0.8571428571428571
10045,12,2,0,0,0,14,0.8571428571428571
10046,12,2,0,0,0,14,0.8571428571428571
10047,13,2,0,0,0,15,0.8666666666666667
10048,13,2,0,0,0,15,0.8666666666666667
10049,13,2,0,0,0,15,0.8666666666666667
10050,12,2,0,0,0,14,0.8571428571428571
10051,11,2,0,0,0,13,0.8461538461538461
10052,13,2,0,0,0,15,0.8666666666666667
10053,12,2,0,0,0,14,0.8571428571428571
10054,14,2,0,0,0,16,0.875
10055,13,2,0,0,0,15,0.8666666666666667
10056,14,2,0,0,0,16,0.875
10057,13,2,0,0,0,15,0.8666666666666667
10058,14,2,0,0,0,16,0.875
10059,13,2,0,0,0,15,0.8666666666666667
10060,14,2,0,0,0,16,0.875
10061,13,2,0,0,0,15,0.8666666666666667
10062,12,2,0,0,0,14,0.8571428571428571
10063,14,2,0,0,0,16,0.875
10064,13,2,0,0,0,15,0.8666666666666667
10065,12,2,0,0,0,14,0.8571428571428571
10066,14,2,0,0,0,16,0.875
10067,13,2,0,0,0,15,0.8666666666666667
10068,13,2,0,0,0,15,0.8666666666666667
10069,12,2,0,0,0,14,0.8571428571428571
10070,13,2,0,0,0,15,0.8666666666666667
10071,16,2,0,0,0,18,0.8888888888888888
10072,12,2,0,0,0,14,0.8571428571428571
10073,14,2,0,0,0,16,0.875
10074,12,2,0,0,0,14,0.8571428571428571
10075,12,2,0,0,0,14,0.8571428571428571
10076,12,2,0,0,0,14,0.8571428571428571
10077,14,2,0,0,0,16,0.875
10078,12,2,0,0,0,14,0.8571428571428571
10079,13,2,0,0,0,15,0.8666666666666667
10080,13,2,0,0,0,15,0.8666666666666667
10081,13,2,0,0,0,15,0.8666666666666667
10082,12,2,0,0,0,14,0.8571428571428571
10083,15,2,0,0,0,17,0.8823529411764706
10084,12,2,0,0,0,14,0.8571428571428571
10085,13,2,0,0,0,15,0.8666666666666667
10086,14,2,0,0,0,16,0.875
10087,14,2,0,0,0,16,0.875
10088,13,2,0,0,0,15,0.8666666666666667
10089,12,2,0,0,0,14,0.8571428571428571
10090,12,2,0,0,0,14,0.8571428571428571
10091,13,2,0,0,0,15,0.8666666666666667
10092,14,2,0,0,0,16,0.875
10093,14,2,0,0,0,16,0.875
10094,14,2,0,0,0,16,0.875
10095,14,2,0,0,0,16,0.875
10096,11,2,0,0,0,13,0.8461538461538461
10097,13,2,0,0,0,15,0.8666666666666667
10098,12,2,0,0,0,14,0.8571428571428571
10099,14,2,0,0,0,16,0.875
10100,12,2,0,0,0,14,0.8571428571428571
10101,13,2,0,0,0,15,0.8666666666666667
10102,12,2,0,0,0,14,0.8571428571428571
10103,13,2,0,0,0,15,0.8666666666666667
10104,12,2,0,0,0,14,0.8571428571428571
10105,13,2,0,0,0,15,0.8666666666666667
10106,14,2,0,0,0,16,0.875
10107,12,2,0,0,0,14,0.8571428571428571
10108,12,2,0,0,0,14,0.8571428571428571
10109,13,2,0,0,0,15,0.8666666666666667
10110,14,2,0,0,0,16,0.875
10111,15,2,0,0,0,17,0.8823529411764706
10112,13,2,0,0,0,15,0.8666666666666667
10113,13,2,0,0,0,15,0.8666666666666667
10114,14,2,0,0,0,16,0.875
10115,14,2,0,0,0,16,0.875
10116,13,2,0,0,0,15,0.8666666666666667
10117,13,2,0,0,0,15,0.8666666666666667
10118,13,2,0,0,0,15,0.8666666666666667
10119,13,2,0,0,0,15,0.8666666666666667
10120,12,2,0,0,0,14,0.8571428571428571
10121,13,2,0,0,0,15,0.8666666666666667
10122,14,2,0,0,0,16,0.875
10123,12,2,0,0,0,14,0.8571428571428571
10124,12,2,0,0,0,14,0.8571428571428571
10125,12,2,0,0,0,14,0.8571428571428571
10126,12,2,0,0,0,14,0.8571428571428571
10127,12,2,0,0,0,14,0.8571428571428571
10128,12,2,0,0,0,14,0.8571428571428571
10129,14,2,0,0,0,16,0.875
10130,14,2,0,0,0,16,0.875
10131,11,2,0,0,0,13,0.8461538461538461
10132,14,2,1,0,0,17,0.8235294117647058
10133,13,2,0,0,0,15,0.8666666666666667
10134,14,2,0,0,0,16,0.875
10135,12,2,0,0,0,14,0.8571428571428571
10136,13,2,0,0,0,15,0.8666666666666667
10137,13,2,0,0,0,15,0.8666666666666667
10138,11,2,0,0,0,13,0.8461538461538461
10139,13,2,0,0,0,15,0.8666666666666667
10140,13,2,0,0,0,15,0.8666666666666667
10141,13,2,0,0,0,15,0.8666666666666667
10142,12,2,0,0,0,14,0.8571428571428571
10143,12,2,0,0,0,14,0.8571428571428571
10144,13,2,0,0,0,15,0.8666666666666667
10145,14,2,0,0,0,16,0.875
10146,13,2,0,0,0,15,0.8666666666666667
10147,15,2,0,0,0,17,0.8823529411764706
10148,12,2,0,0,0,14,0.8571428571428571
10149,12,2,0,0,0,14,0.8571428571428571
10150,13,2,0,0,0,15,0.8666666666666667
10151,10,2,0,0,0,12,0.8333333333333334
10152,13,2,0,0,0,15,0.8666666666666667
10153,12,2,0,0,0,14,0.8571428571428571
10154,13,2,0,0,0,15,0.8666666666666667
10155,14,2,0,0,0,16,0.875
10156,12,2,0,0,0,14,0.8571428571428571
10157,13,2,0,0,0,15,0.8666666666666667
10158,11,2,0,0,0,13,0.8461538461538461
10159,13,2,0,0,0,15,0.8666666666666667
10160,14,2,0,0,0,16,0.875
10161,13,2,0,0,0,15,0.8666666666666667
10162,14,2,0,0,0,16,0.875
10163,12,2,0,0,0,14,0.8571428571428571
10164,14,2,0,0,0,16,0.875
10165,11,2,0,0,0,13,0.8461538461538461
10166,14,2,0,0,0,16,0.875
10167,14,2,0,0,0,16,0.875
10168,13,2,0,0,0,15,0.8666666666666667
10169,13,2,0,0,0,15,0.8666666666666667
10170,13,2,0,0,0,15,0.8666666666666667
10171,14,2,0,0,0,16,0.875
10172,13,2,0,0,0,15,0.8666666666666667
10173,13,2,0,0,0,15,0.8666666666666667
10174,13,2,0,0,0,15,0.8666666666666667
10175,13,2,0,0,0,15,0.8666666666666667
10176,13,2,0,0,0,15,0.8666666666666667
10177,13,2,0,0,0,15,0.8666666666666667
10178,13,2,0,0,0,15,0.8666666666666667
10179,14,2,0,0,0,16,0.875
10180,14,2,0,0,0,16,0.875
10181,14,2,0,0,0,16,0.875
10182,12,2,0,0,0,14,0.8571428571428571
10183,12,2,0,0,0,14,0.8571428571428571
10184,14,2,0,0,0,16,0.875
10185,12,2,0,0,0,14,0.8571428571428571
10186,13,2,0,0,0,15,0.8666666666666667
10187,13,2,0,0,0,15,0.8666666666666667
10188,14,2,0,0,0,16,0.875
10189,13,2,0,0,0,15,0.8666666666666667
10190,13,2,0,0,0,15,0.8666666666666667
10191,13,2,0,0,0,15,0.8666666666666667
10192,13,2,0,0,0,15,0.8666666666666667
10193,14,2,0,0,0,16,0.875
10194,13,2,0,0,0,15,0.8666666666666667
10195,14,2,0,0,0,16,0.875
10196,12,2,0,0,0,14,0.8571428571428571
10197,13,2,0,0,0,15,0.8666666666666667
10198,14,2,0,0,0,16,0.875
10199,13,2,0,0,0,15,0.8666666666666667
10200,13,2,0,0,0,15,0.8666666666666667
10201,13,2,0,0,0,15,0.8666666666666667
10202,14,2,0,0,0,16,0.875
10203,13,2,0,0,0,15,0.8666666666666667
10204,12,2,0,0,0,14,0.8571428571428571
10205,14,2,0,0,0,16,0.875
10206,12,2,0,0,0,14,0.8571428571428571
10207,13,2,0,0,0,15,0.8666666666666667
10208,15,2,0,0,0,17,0.8823529411764706
10209,14,2,0,0,0,16,0.875
10210,15,2,0,0,0,17,0.8823529411764706
10211,12,2,0,0,0,14,0.8571428571428571
10212,14,2,0,0,0,16,0.875
10213,12,2,0,0,0,14,0.8571428571428571
10214,13,2,0,0,0,15,0.8666666666666667
10215,15,2,0,0,0,17,0.8823529411764706
10216,13,2,0,0,0,15,0.8666666666666667
10217,15,2,0,0,0,17,0.8823529411764706
10218,12,2,0,0,0,14,0.8571428571428571
10219,14,2,0,0,0,16,0.875
10220,13,2,0,0,0,15,0.8666666666666667
10221,14,2,0,0,0,16,0.875
10222,14,2,0,0,0,16,0.875
10223,13,2,0,0,0,15,0.8666666666666667
10224,14,2,0,0,0,16,0.875
10225,12,2,0,0,0,14,0.8571428571428571
10226,12,2,0,0,0,14,0.8571428571428571
10227,12,2,0,0,0,14,0.8571428571428571
10228,12,2,0,0,0,14,0.8571428571428571
10229,13,2,0,0,0,15,0.8666666666666667
10230,14,2,0,0,0,16,0.875
10231,13,2,0,0,0,15,0.8666666666666667
10232,12,2,0,0,0,14,0.8571428571428571
10233,12,2,0,0,0,14,0.8571428571428571
10234,13,2,0,0,0,15,0.8666666666666667
10235,13,2,0,0,0,15,0.8666666666666667
10236,12,2,0,0,0,14,0.8571428571428571
10237,14,2,0,0,0,16,0.875
10238,12,2,0,0,0,14,0.8571428571428571
10239,13,2,0,0,0,15,0.8666666666666667
10240,13,2,0,0,0,15,0.8666666666666667
10241,13,2,0,0,0,15,0.8666666666666667
10242,14,2,0,0,0,16,0.875
10243,14,2,0,0,0,16,0.875
10244,11,2,0,0,0,13,0.8461538461538461
10245,12,2,0,0,0,14,0.8571428571428571
10246,14,2,0,0,0,16,0.875
10247,13,2,0,0,0,15,0.8666666666666667
10248,14,2,0,0,0,16,0.875
10249,13,2,0,0,0,15,0.8666666666666667
10250,14,2,0,0,0,16,0.875
10251,13,2,0,0,0,15,0.8666666666666667
10252,12,2,0,0,0,14,0.8571428571428571
10253,13,2,0,0,0,15,0.8666666666666667
10254,13,2,0,0,0,15,0.8666666666666667
10255,14,2,0,0,0,16,0.875
10256,13,2,0,0,0,15,0.8666666666666667
10257,13,2,0,0,0,15,0.8666666666666667
10258,14,2,0,0,0,16,0.875
10259,13,2,0,0,0,15,0.8666666666666667
10260,13,2,0,0,0,15,0.8666666666666667
10261,14,2,0,0,0,16,0.875
10262,11,2,0,0,0,13,0.8461538461538461
10263,13,2,0,0,0,15,0.8666666666666667
10264,14,2,0,0,0,16,0.875
10265,13,2,0,0,0,15,0.8666666666666667
10266,12,2,0,0,0,14,0.8571428571428571
10267,12,2,0,0,0,14,0.8571428571428571
10268,13,2,0,0,0,15,0.8666666666666667
10269,11,2,0,0,0,13,0.8461538461538461
10270,13,2,0,0,0,15,0.8666666666666667
10271,13,2,0,0,0,15,0.8666666666666667
10272,11,2,0,0,0,13,0.8461538461538461
10273,12,2,0,0,0,14,0.8571428571428571
10274,12,2,0,0,0,14,0.8571428571428571
10275,13,2,0,0,0,15,0.8666666666666667
10276,14,2,0,0,0,16,0.875
10277,13,2,0,0,0,15,0.8666666666666667
10278,11,2,0,0,0,13,0.8461538461538461
10279,13,2,0,0,0,15,0.8666666666666667
10280,14,2,0,0,0,16,0.875
10281,14,2,0,0,0,16,0.875
10282,14,2,0,0,0,16,0.875
10283,14,2,0,0,0,16,0.875
10284,14,2,0,0,0,16,0.875
10285,13,2,0,0,0,15,0.8666666666666667
10286,11,2,0,0,0,13,0.8461538461538461
10287,13,2,0,0,0,15,0.8666666666666667
10288,13,2,0,0,0,15,0.8666666666666667
10289,12,2,0,0,0,14,0.8571428571428571
10290,12,2,0,0,0,14,0.8571428571428571
10291,13,2,0,0,0,15,0.8666666666666667
10292,11,2,0,0,0,13,0.8461538461538461
10293,12,2,0,0,0,14,0.8571428571428571
10294,12,2,0,0,0,14,0.8571428571428571
10295,11,2,0,0,0,13,0.8461538461538461
10296,12,2,0,0,0,14,0.8571428571428571
10297,13,2,0,0,0,15,0.8666666666666667
10298,14,2,0,0,0,16,0.875
10299,12,2,0,0,0,14,0.8571428571428571
10300,13,2,0,0,0,15,0.8666666666666667
10301,13,2,0,0,0,15,0.8666666666666667
10302,13,2,0,0,0,15,0.8666666666666667
10303,12,2,0,0,0,14,0.8571428571428571
10304,13,2,0,0,0,15,0.8666666666666667
10305,12,2,0,0,0,14,0.8571428571428571
10306,13,2,0,0,0,15,0.8666666666666667
10307,12,2,0,0,0,14,0.8571428571428571
10308,12,2,0,0,0,14,0.8571428571428571
10309,12,2,0,0,0,14,0.8571428571428571
10310,12,2,0,0,0,14,0.8571428571428571
10311,13,2,0,0,0,15,0.8666666666666667
10312,14,2,0,0,0,16,0.875
10313,14,2,0,0,0,16,0.875
10314,12,2,0,0,0,14,0.8571428571428571
10315,12,2,0,0,0,14,0.8571428571428571
10316,14,2,0,0,0,16,0.875
10317,13,2,0,0,0,15,0.8666666666666667
10318,15,2,0,0,0,17,0.8823529411764706
10319,13,2,0,0,0,15,0.8666666666666667
10320,13,2,0,0,0,15,0.8666666666666667
10321,14,2,0,0,0,16,0.875
10322,13,2,0,0,0,15,0.8666666666666667
10323,13,2,0,0,0,15,0.8666666666666667
10324,14,2,0,0,0,16,0.875
10325,14,2,0,0,0,16,0.875
10326,12,2,0,0,0,14,0.8571428571428571
10327,13,2,0,0,0,15,0.8666666666666667
10328,14,2,0,0,0,16,0.875
10329,12,2,0,0,0,14,0.8571428571428571
10330,13,2,0,0,0,15,0.8666666666666667
10331,11,2,0,0,0,13,0.8461538461538461
10332,13,2,0,0,0,15,0.8666666666666667
10333,14,2,0,0,0,16,0.875
10334,14,2,0,0,0,16,0.875
10335,14,2,0,0,0,16,0.875
10336,13,2,0,0,0,15,0.8666666666666667
10337,14,2,0,0,0,16,0.875
10338,14,2,0,0,0,16,0.875
10339,12,2,0,0,0,14,0.8571428571428571
10340,13,2,0,0,0,15,0.8666666666666667
10341,14,2,0,0,0,16,0.875
10342,13,2,0,0,0,15,0.8666666666666667
10343,14,2,0,0,0,16,0.875
10344,14,2,0,0,0,16,0.875
10345,12,2,0,0,0,14,0.8571428571428571
10346,14,2,0,0,0,16,0.875
10347,14,2,0,0,0,16,0.875
10348,14,2,0,0,0,16,0.875
10349,10,2,0,0,0,12,0.8333333333333334
10350,12,2,0,0,0,14,0.8571428571428571
10351,12,2,0,0,0,14,0.8571428571428571
10352,14,2,0,0,0,16,0.875
10353,13,2,0,0,0,15,0.8666666666666667
10354,12,2,0,0,0,14,0.8571428571428571
10355,14,2,0,0,0,16,0.875
10356,14,2,0,0,0,16,0.875
10357,13,2,0,0,0,15,0.8666666666666667
10358,13,2,0,0,0,15,0.8666666666666667
10359,14,2,0,0,0,16,0.875
10360,12,2,0,0,0,14,0.8571428571428571
10361,14,2,0,0,0,16,0.875
10362,12,2,0,0,0,14,0.8571428571428571
10363,11,2,0,0,0,13,0.8461538461538461
10364,12,2,0,0,0,14,0.8571428571428571
10365,13,2,0,0,0,15,0.8666666666666667
10366,12,2,0,0,0,14,0.8571428571428571
10367,11,2,0,0,0,13,0.8461538461538461
10368,13,2,0,0,0,15,0.8666666666666667
10369,13,2,0,0,0,15,0.8666666666666667
10370,13,2,0,0,0,15,0.8666666666666667
10371,13,2,0,0,0,15,0.8666666666666667
10372,13,2,0,0,0,15,0.8666666666666667
10373,13,2,0,0,0,15,0.8666666666666667
10374,13,2,0,0,0,15,0.8666666666666667
10375,13,2,0,0,0,15,0.8666666666666667
10376,13,2,0,0,0,15,0.8666666666666667
10377,12,2,0,0,0,14,0.8571428571428571
10378,13,2,1,0,0,16,0.8125
10379,12,2,1,0,0,15,0.8
10380,12,3,1,0,0,16,0.75
10381,12,2,0,0,0,14,0.8571428571428571
10382,13,2,1,0,0,16,0.8125
10383,12,2,1,0,0,15,0.8
10384,12,2,1,0,0,15,0.8
10385,13,2,1,0,0,16,0.8125
10386,13,2,1,0,0,16,0.8125
10387,13,2,1,0,0,16,0.8125
10388,13,2,1,0,0,16,0.8125
10389,13,2,1,0,0,16,0.8125
10390,13,2,1,0,0,16,0.8125
10391,13,2,1,0,0,16,0.8125
10392,11,1,1,0,0,13,0.8461538461538461
10393,12,2,1,0,0,15,0.8
10394,11,2,1,0,0,14,0.7857142857142857
10395,13,2,1,0,0,16,0.8125
10396,12,2,1,0,0,15,0.8
10397,12,2,1,0,0,15,0.8
10398,13,2,1,0,0,16,0.8125
10399,13,2,1,0,0,16,0.8125
10400,12,2,0,0,0,14,0.8571428571428571
10401,13,2,1,0,0,16,0.8125
10402,12,2,1,0,0,15,0.8
10403,12,2,1,0,0,15,0.8
10404,12,2,1,0,0,15,0.8
10405,13,2,1,0,0,16,0.8125
10406,13,2,1,0,0,16,0.8125
10407,12,2,0,0,0,14,0.8571428571428571
10408,12,2,0,0,0,14,0.8571428571428571
10409,13,2,1,0,0,16,0.8125
10410,11,2,0,0,0,13,0.8461538461538461
10411,12,2,1,0,0,15,0.8
10412,13,2,1,0,0,16,0.8125
10413,12,2,1,0,0,15,0.8
10414,12,2,1,0,0,15,0.8
10415,13,2,1,0,0,16,0.8125
10416,13,2,1,0,0,16,0.8125
10417,12,2,1,0,0,15,0.8
10418,13,3,1,0,0,17,0.7647058823529411
10419,13,2,1,0,0,16,0.8125
10420,13,2,1,0,0,16,0.8125
10421,13,2,1,0,0,16,0.8125
10422,11,2,1,0,0,14,0.7857142857142857
10423,12,2,1,0,0,15,0.8
10424,13,2,1,0,0,16,0.8125
10425,13,2,1,0,0,16,0.8125
10426,13,2,1,0,0,16,0.8125
10427,13,2,1,0,0,16,0.8125
10428,13,2,1,0,0,16,0.8125
10429,12,2,0,0,0,14,0.8571428571428571
10430,13,2,0,0,0,15,0.8666666666666667
10431,13,2,1,0,0,16,0.8125
10432,13,2,0,0,0,15,0.8666666666666667
10433,13,3,0,0,0,16,0.8125
10434,12,2,1,0,0,15,0.8
10435,12,2,1,0,0,15,0.8
10436,13,2,1,0,0,16,0.8125
10437,11,2,0,0,0,13,0.8461538461538461
10438,12,2,1,0,0,15,0.8
10439,13,2,0,0,0,15,0.8666666666666667
10440,12,2,1,0,0,15,0.8
10441,12,2,0,0,0,14,0.8571428571428571
10442,13,2,0,0,0,15,0.8666666666666667
10443,11,2,0,0,0,13,0.8461538461538461
10444,12,2,0,0,0,14,0.8571428571428571
10445,14,2,0,0,0,16,0.875
10446,13,2,0,0,0,15,0.8666666666666667
10447,14,2,1,0,0,17,0.8235294117647058
10448,13,2,0,0,0,15,0.8666666666666667
10449,14,2,1,0,0,17,0.8235294117647058
10450,14,2,1,0,0,17,0.8235294117647058
10451,13,2,1,0,0,16,0.8125
10452,13,2,1,0,0,16,0.8125
10453,13,2,1,0,0,16,0.8125
10454,13,2,1,0,0,16,0.8125
10455,13,2,1,0,0,16,0.8125
10456,13,2,1,0,0,16,0.8125
10457,12,2,1,0,0,15,0.8
10458,12,2,1,0,0,15,0.8
10459,13,3,1,0,0,17,0.7647058823529411
10460,13,2,1,0,0,16,0.8125
10461,13,2,1,0,0,16,0.8125
10462,14,2,0,0,0,16,0.875
10463,13,2,1,0,0,16,0.8125
10464,12,2,1,0,0,15,0.8
10465,12,2,1,0,0,15,0.8
10466,13,2,1,0,0,16,0.8125
10467,13,2,1,0,0,16,0.8125
10468,13,2,1,0,0,16,0.8125
10469,13,2,1,0,0,16,0.8125
10470,13,2,1,0,0,16,0.8125
10471,12,2,0,0,0,14,0.8571428571428571
10472,13,2,0,0,0,15,0.8666666666666667
10473,13,2,1,0,0,16,0.8125
10474,12,2,1,0,0,15,0.8
10475,13,2,1,0,0,16,0.8125
10476,12,2,1,0,0,15,0.8
10477,13,2,1,0,0,16,0.8125
10478,12,1,1,0,0,14,0.8571428571428571
10479,13,2,1,0,0,16,0.8125
10480,12,2,1,0,0,15,0.8
10481,11,2,1,0,0,14,0.7857142857142857
10482,13,3,0,0,0,16,0.8125
10483,11,2,1,0,0,14,0.7857142857142857
10484,13,2,1,0,0,16,0.8125
10485,13,2,1,0,0,16,0.8125
10486,13,2,1,0,0,16,0.8125
10487,12,2,1,0,0,15,0.8
10488,13,2,1,0,0,16,0.8125
10489,13,2,1,0,0,16,0.8125
10490,12,2,1,0,0,15,0.8
10491,12,2,1,0,0,15,0.8
10492,13,2,1,0,0,16,0.8125
10493,12,2,1,0,0,15,0.8
10494,13,2,0,0,0,15,0.8666666666666667
10495,14,2,0,0,0,16,0.875
10496,13,2,1,0,0,16,0.8125
10497,13,3,1,0,0,17,0.7647058823529411
10498,13,2,0,0,0,15,0.8666666666666667
10499,14,3,1,0,0,18,0.7777777777777778
10500,13,2,1,0,0,16,0.8125
10501,14,2,1,0,0,17,0.8235294117647058
10502,13,2,0,0,0,15,0.8666666666666667
10503,12,2,1,0,0,15,0.8
10504,14,2,1,0,0,17,0.8235294117647058
10505,13,2,0,0,0,15,0.8666666666666667
10506,12,2,1,0,0,15,0.8
10507,14,2,0,0,0,16,0.875
10508,13,2,1,0,0,16,0.8125
10509,12,2,1,0,0,15,0.8
10510,15,2,1,0,0,18,0.8333333333333334
10511,13,2,0,0,0,15,0.8666666666666667
10512,13,2,1,0,0,16,0.8125
10513,13,2,1,0,0,16,0.8125
10514,13,2,0,0,0,15,0.8666666666666667
10515,12,2,1,0,0,15,0.8
10516,12,2,0,0,0,14,0.8571428571428571
10517,12,2,0,0,0,14,0.8571428571428571
10518,14,2,0,0,0,16,0.875
10519,13,2,0,0,0,15,0.8666666666666667
10520,13,2,1,0,0,16,0.8125
10521,13,3,1,0,0,17,0.7647058823529411
10522,13,3,1,0,0,17,0.7647058823529411
10523,13,2,0,0,0,15,0.8666666666666667
10524,13,2,0,0,0,15,0.8666666666666667
10525,14,2,0,0,0,16,0.875
10526,13,2,0,0,0,15,0.8666666666666667
10527,14,2,0,0,0,16,0.875
10528,14,2,1,0,0,17,0.8235294117647058
10529,13,2,0,0,0,15,0.8666666666666667
10530,12,2,0,0,0,14,0.8571428571428571
10531,13,2,0,0,0,15,0.8666666666666667
10532,13,2,0,0,0,15,0.8666666666666667
10533,13,2,0,0,0,15,0.8666666666666667
10534,12,2,1,0,0,15,0.8
10535,13,2,1,0,0,16,0.8125
10536,14,2,0,0,0,16,0.875
10537,13,2,0,0,0,15,0.8666666666666667
10538,12,3,1,0,0,16,0.75
10539,14,2,1,0,0,17,0.8235294117647058
10540,13,2,0,0,0,15,0.8666666666666667
10541,13,2,1,0,0,16,0.8125
10542,13,2,0,0,0,15,0.8666666666666667
10543,12,2,0,0,0,14,0.8571428571428571
10544,12,2,0,0,0,14,0.8571428571428571
10545,12,2,1,0,0,15,0.8
10546,13,2,1,0,0,16,0.8125
10547,12,2,1,0,0,15,0.8
10548,13,2,0,0,0,15,0.8666666666666667
10549,13,2,0,0,0,15,0.8666666666666667
10550,13,2,0,0,0,15,0.8666666666666667
10551,13,3,0,0,0,16,0.8125
10552,13,2,1,0,0,16,0.8125
10553,14,2,1,0,0,17,0.8235294117647058
10554,13,2,0,0,0,15,0.8666666666666667
10555,13,2,1,0,0,16,0.8125
10556,13,2,1,0,0,16,0.8125
10557,13,2,0,0,0,15,0.8666666666666667
10558,12,2,0,0,0,14,0.8571428571428571
10559,13,2,1,0,0,16,0.8125
10560,12,2,0,0,0,14,0.8571428571428571
10561,12,2,0,0,0,14,0.8571428571428571
10562,13,2,1,0,0,16,0.8125
10563,13,2,0,0,0,15,0.8666666666666667
10564,13,2,0,0,0,15,0.8666666666666667
10565,13,2,0,0,0,15,0.8666666666666667
10566,13,2,1,0,0,16,0.8125
10567,13,2,1,0,0,16,0.8125
10568,13,2,1,0,0,16,0.8125
10569,14,3,1,0,0,18,0.7777777777777778
10570,13,2,1,0,0,16,0.8125
10571,12,2,1,0,0,15,0.8
10572,12,2,0,0,0,14,0.8571428571428571
10573,13,2,1,0,0,16,0.8125
10574,13,2,0,0,0,15,0.8666666666666667
10575,14,2,1,0,0,17,0.8235294117647058
10576,13,2,0,0,0,15,0.8666666666666667
10577,13,2,1,0,0,16,0.8125
10578,13,2,0,0,0,15,0.8666666666666667
10579,13,2,0,0,0,15,0.8666666666666667
10580,13,2,1,0,0,16,0.8125
10581,13,2,0,0,0,15,0.8666666666666667
10582,13,3,1,0,0,17,0.7647058823529411
10583,13,2,1,0,0,16,0.8125
10584,13,2,1,0,0,16,0.8125
10585,13,2,1,0,0,16,0.8125
10586,12,2,1,0,0,15,0.8
10587,12,2,1,0,0,15,0.8
10588,13,2,1,0,0,16,0.8125
10589,13,2,0,0,0,15,0.8666666666666667
10590,13,2,1,0,0,16,0.8125
10591,13,2,0,0,0,15,0.8666666666666667
10592,13,2,1,0,0,16,0.8125
10593,14,2,1,0,0,17,0.8235294117647058
10594,13,2,1,0,0,16,0.8125
10595,13,2,0,0,0,15,0.8666666666666667
10596,14,2,1,0,0,17,0.8235294117647058
10597,14,2,1,0,0,17,0.8235294117647058
10598,13,2,1,0,0,16,0.8125
10599,14,2,1,0,0,17,0.8235294117647058
10600,14,2,1,0,0,17,0.8235294117647058
10601,14,2,1,0,0,17,0.8235294117647058
10602,13,2,1,0,0,16,0.8125
10603,12,2,1,0,0,15,0.8
10604,13,2,0,0,0,15,0.8666666666666667
10605,13,2,1,0,0,16,0.8125
10606,13,2,1,0,0,16,0.8125
10607,13,2,1,0,0,16,0.8125
10608,13,2,1,0,0,16,0.8125
10609,14,2,1,0,0,17,0.8235294117647058
10610,13,2,1,0,0,16,0.8125
10611,12,2,1,0,0,15,0.8
10612,14,2,1,0,0,17,0.8235294117647058
10613,13,2,1,0,0,16,0.8125
10614,12,2,1,0,0,15,0.8
10615,11,2,1,0,0,14,0.7857142857142857
10616,14,2,1,0,0,17,0.8235294117647058
10617,14,2,1,0,0,17,0.8235294117647058
10618,15,2,1,0,0,18,0.8333333333333334
10619,11,2,1,0,0,14,0.7857142857142857
10620,13,2,1,0,0,16,0.8125
10621,14,2,1,0,0,17,0.8235294117647058
10622,13,2,1,0,0,16,0.8125
10623,13,3,1,0,0,17,0.7647058823529411
10624,14,2,1,0,0,17,0.8235294117647058
10625,14,2,1,0,0,17,0.8235294117647058
10626,14,2,1,0,0,17,0.8235294117647058
10627,13,2,1,0,0,16,0.8125
10628,13,2,1,0,0,16,0.8125
10629,14,2,1,0,0,17,0.8235294117647058
10630,14,2,1,0,0,17,0.8235294117647058
10631,13,2,1,0,0,16,0.8125
10632,13,2,1,0,0,16,0.8125
10633,15,2,1,0,0,18,0.8333333333333334
10634,14,2,1,0,0,17,0.8235294117647058
10635,14,2,1,0,0,17,0.8235294117647058
10636,13,2,0,0,0,15,0.8666666666666667
10637,13,2,0,0,0,15,0.8666666666666667
10638,12,2,1,0,0,15,0.8
10639,13,2,1,0,0,16,0.8125
10640,13,3,1,0,0,17,0.7647058823529411
10641,12,2,1,0,0,15,0.8
10642,15,2,1,0,0,18,0.8333333333333334
10643,13,2,1,0,0,16,0.8125
10644,12,2,1,0,0,15,0.8
10645,13,2,1,0,0,16,0.8125
10646,13,2,1,0,0,16,0.8125
10647,13,2,1,0,0,16,0.8125
10648,13,2,1,0,0,16,0.8125
10649,13,2,1,0,0,16,0.8125
10650,12,1,1,0,0,14,0.8571428571428571
10651,12,2,1,0,0,15,0.8
10652,14,2,1,0,0,17,0.8235294117647058
10653,14,2,1,0,0,17,0.8235294117647058
10654,13,2,1,0,0,16,0.8125
10655,12,2,1,0,0,15,0.8
10656,13,2,1,0,0,16,0.8125
10657,13,2,1,0,0,16,0.8125
10658,14,2,1,0,0,17,0.8235294117647058
10659,13,2,0,0,0,15,0.8666666666666667
10660,14,3,1,0,0,18,0.7777777777777778
10661,11,2,1,0,0,14,0.7857142857142857
10662,12,3,0,0,0,15,0.8
10663,13,2,1,0,0,16,0.8125
10664,13,2,1,0,0,16,0.8125
10665,14,2,1,0,0,17,0.8235294117647058
10666,11,2,1,0,0,14,0.7857142857142857
10667,13,2,1,0,0,16,0.8125
10668,13,2,1,0,0,16,0.8125
10669,13,2,1,0,0,16,0.8125
10670,11,2,1,0,0,14,0.7857142857142857
10671,13,2,1,0,0,16,0.8125
10672,13,2,1,0,0,16,0.8125
10673,13,2,1,0,0,16,0.8125
10674,14,2,1,0,0,17,0.8235294117647058
10675,13,2,1,0,0,16,0.8125
10676,13,2,1,0,0,16,0.8125
10677,12,2,1,0,0,15,0.8
10678,13,2,1,0,0,16,0.8125
10679,12,2,1,0,0,15,0.8
10680,14,2,1,0,0,17,0.8235294117647058
10681,14,2,1,0,0,17,0.8235294117647058
10682,13,2,1,0,0,16,0.8125
10683,12,2,1,0,0,15,0.8
10684,14,2,1,0,0,17,0.8235294117647058
10685,13,2,1,0,0,16,0.8125
10686,13,2,1,0,0,16,0.8125
10687,13,2,1,0,0,16,0.8125
10688,13,2,1,0,0,16,0.8125
10689,13,2,1,0,0,16,0.8125
10690,14,3,1,0,0,18,0.7777777777777778
10691,13,2,1,0,0,16,0.8125
10692,12,1,1,0,0,14,0.8571428571428571
10693,13,2,1,0,0,16,0.8125
10694,14,2,1,0,0,17,0.8235294117647058
10695,13,2,1,0,0,16,0.8125
10696,12,2,1,0,0,15,0.8
10697,13,2,1,0,0,16,0.8125
10698,13,2,1,0,0,16,0.8125
10699,11,2,1,0,0,14,0.7857142857142857
10700,12,2,1,0,0,15,0.8
10701,12,2,1,0,0,15,0.8
10702,14,2,1,0,0,17,0.8235294117647058
10703,12,2,1,0,0,15,0.8
10704,13,2,0,0,0,15,0.8666666666666667
10705,14,3,1,0,0,18,0.7777777777777778
10706,14,3,1,0,0,18,0.7777777777777778
10707,13,3,1,0,0,17,0.7647058823529411
10708,13,2,1,0,0,16,0.8125
10709,13,2,1,0,0,16,0.8125
10710,13,2,1,0,0,16,0.8125
10711,12,2,1,0,0,15,0.8
10712,14,2,1,0,0,17,0.8235294117647058
10713,11,3,1,0,0,15,0.7333333333333333
10714,14,2,1,0,0,17,0.8235294117647058
10715,12,2,1,0,0,15,0.8
10716,13,2,1,0,0,16,0.8125
10717,14,2,1,0,0,17,0.8235294117647058
10718,13,2,0,0,0,15,0.8666666666666667
10719,14,2,1,0,0,17,0.8235294117647058
10720,14,2,1,0,0,17,0.8235294117647058
10721,14,2,0,0,0,16,0.875
10722,14,2,1,0,0,17,0.8235294117647058
10723,14,2,1,0,0,17,0.8235294117647058
10724,13,2,1,0,0,16,0.8125
10725,12,2,0,0,0,14,0.8571428571428571
10726,12,2,0,0,0,14,0.8571428571428571
10727,12,2,0,0,0,14,0.8571428571428571
10728,14,2,1,0,0,17,0.8235294117647058
10729,13,2,0,0,0,15,0.8666666666666667
10730,14,2,1,0,0,17,0.8235294117647058
10731,13,2,1,0,0,16,0.8125
10732,13,3,1,0,0,17,0.7647058823529411
10733,12,2,1,0,0,15,0.8
10734,14,2,1,0,0,17,0.8235294117647058
10735,13,3,1,0,0,17,0.7647058823529411
10736,14,2,1,0,0,17,0.8235294117647058
10737,13,2,1,0,0,16,0.8125
10738,14,2,1,0,0,17,0.8235294117647058
10739,12,2,1,0,0,15,0.8
10740,13,2,1,0,0,16,0.8125
10741,12,2,1,0,0,15,0.8
10742,13,2,1,0,0,16,0.8125
10743,14,2,1,0,0,17,0.8235294117647058
10744,14,2,1,0,0,17,0.8235294117647058
10745,14,2,1,0,0,17,0.8235294117647058
10746,14,2,1,0,0,17,0.8235294117647058
10747,14,2,0,0,0,16,0.875
10748,12,2,1,0,0,15,0.8
10749,13,2,1,0,0,16,0.8125
10750,12,2,1,0,0,15,0.8
10751,13,2,1,0,0,16,0.8125
10752,13,2,1,0,0,16,0.8125
10753,13,2,0,0,0,15,0.8666666666666667
10754,14,2,0,0,0,16,0.875
10755,14,1,1,0,0,16,0.875
10756,12,2,1,0,0,15,0.8
10757,13,2,0,0,0,15,0.8666666666666667
10758,12,2,1,0,0,15,0.8
10759,14,2,1,0,0,17,0.8235294117647058
10760,13,2,0,0,0,15,0.8666666666666667
10761,12,2,1,0,0,15,0.8
10762,14,2,0,0,0,16,0.875
10763,12,2,1,0,0,15,0.8
10764,11,3,1,0,0,15,0.7333333333333333
10765,13,2,0,0,0,15,0.8666666666666667
10766,13,2,1,0,0,16,0.8125
10767,11,2,0,0,0,13,0.8461538461538461
10768,13,2,1,0,0,16,0.8125
10769,14,3,1,0,0,18,0.7777777777777778
10770,13,2,1,0,0,16,0.8125
10771,14,2,1,0,0,17,0.8235294117647058
10772,13,1,1,0,0,15,0.8666666666666667
10773,12,1,1,0,0,14,0.8571428571428571
10774,13,2,1,0,0,16,0.8125
10775,12,2,1,0,0,15,0.8
10776,13,1,0,0,0,14,0.9285714285714286
10777,14,2,1,0,0,17,0.8235294117647058
10778,13,3,1,0,0,17,0.7647058823529411
10779,14,2,0,0,0,16,0.875
10780,12,2,1,0,0,15,0.8
10781,11,2,1,0,0,14,0.7857142857142857
10782,14,2,1,0,0,17,0.8235294117647058
10783,13,2,0,0,0,15,0.8666666666666667
10784,13,2,0,0,0,15,0.8666666666666667
10785,13,2,0,0,0,15,0.8666666666666667
10786,14,2,0,0,0,16,0.875
10787,12,2,0,0,0,14,0.8571428571428571
10788,12,2,0,0,0,14,0.8571428571428571
10789,10,2,0,0,0,12,0.8333333333333334
10790,13,2,1,0,0,16,0.8125
10791,14,2,0,0,0,16,0.875
10792,13,2,1,0,0,16,0.8125
10793,12,2,1,0,0,15,0.8
10794,15,2,0,0,0,17,0.8823529411764706
10795,11,2,1,0,0,14,0.7857142857142857
10796,12,2,1,0,0,15,0.8
10797,13,2,1,0,0,16,0.8125
10798,13,2,1,0,0,16,0.8125
10799,14,2,1,0,0,17,0.8235294117647058
10800,14,2,1,0,0,17,0.8235294117647058
10801,13,2,0,0,0,15,0.8666666666666667
10802,14,2,1,0,0,17,0.8235294117647058
10803,11,2,1,0,0,14,0.7857142857142857
10804,13,2,0,0,0,15,0.8666666666666667
10805,13,2,1,0,0,16,0.8125
10806,13,2,0,0,0,15,0.8666666666666667
10807,13,2,1,0,0,16,0.8125
10808,14,2,1,0,0,17,0.8235294117647058
10809,14,2,1,0,0,17,0.8235294117647058
10810,13,2,0,0,0,15,0.8666666666666667
10811,14,2,0,0,0,16,0.875
10812,12,2,1,0,0,15,0.8
10813,14,2,1,0,0,17,0.8235294117647058
10814,14,2,1,0,0,17,0.8235294117647058
10815,13,2,1,0,0,16,0.8125
10816,12,2,1,0,0,15,0.8
10817,14,2,1,0,0,17,0.8235294117647058
10818,14,2,1,0,0,17,0.8235294117647058
10819,13,2,0,0,0,15,0.8666666666666667
10820,12,2,1,0,0,15,0.8
10821,13,2,1,0,0,16,0.8125
10822,14,2,1,0,0,17,0.8235294117647058
10823,11,3,1,0,0,15,0.7333333333333333
10824,11,2,1,0,0,14,0.7857142857142857
10825,13,2,1,0,0,16,0.8125
10826,14,2,0,0,0,16,0.875
10827,13,3,1,0,0,17,0.7647058823529411
10828,13,2,1,0,0,16,0.8125
10829,12,2,1,0,0,15,0.8
10830,14,2,1,0,0,17,0.8235294117647058
10831,14,2,1,0,0,17,0.8235294117647058
10832,13,3,1,0,0,17,0.7647058823529411
10833,14,2,1,0,0,17,0.8235294117647058
10834,15,2,0,0,0,17,0.8823529411764706
10835,14,2,1,0,0,17,0.8235294117647058
10836,14,2,0,0,0,16,0.875
10837,13,2,1,0,0,16,0.8125
10838,12,2,1,0,0,15,0.8
10839,13,3,1,0,0,17,0.7647058823529411
10840,12,2,0,0,0,14,0.8571428571428571
10841,13,2,1,0,0,16,0.8125
10842,13,2,1,0,0,16,0.8125
10843,13,2,0,0,0,15,0.8666666666666667
10844,12,2,1,0,0,15,0.8
10845,13,2,0,0,0,15,0.8666666666666667
10846,12,2,0,0,0,14,0.8571428571428571
10847,14,2,0,0,0,16,0.875
10848,13,2,1,0,0,16,0.8125
10849,13,2,1,0,0,16,0.8125
10850,14,2,1,0,0,17,0.8235294117647058
10851,13,2,1,0,0,16,0.8125
10852,13,2,1,0,0,16,0.8125
10853,13,2,1,0,0,16,0.8125
10854,14,2,1,0,0,17,0.8235294117647058
10855,14,2,1,0,0,17,0.8235294117647058
10856,14,2,0,0,0,16,0.875
10857,15,3,1,0,0,19,0.7894736842105263
10858,13,2,1,0,0,16,0.8125
10859,13,2,1,0,0,16,0.8125
10860,13,2,1,0,0,16,0.8125
10861,14,2,0,0,0,16,0.875
10862,15,2,1,0,0,18,0.8333333333333334
10863,13,2,0,0,0,15,0.8666666666666667
10864,11,2,1,0,0,14,0.7857142857142857
10865,13,2,0,0,0,15,0.8666666666666667
10866,13,2,1,0,0,16,0.8125
10867,14,2,0,0,0,16,0.875
10868,12,2,0,0,0,14,0.8571428571428571
10869,13,2,0,0,0,15,0.8666666666666667
10870,14,2,0,0,0,16,0.875
10871,13,2,0,0,0,15,0.8666666666666667
10872,12,2,1,0,0,15,0.8
10873,12,2,0,0,0,14,0.8571428571428571
10874,14,2,0,0,0,16,0.875
10875,13,2,0,0,0,15,0.8666666666666667
10876,13,2,0,0,0,15,0.8666666666666667
10877,13,2,0,0,0,15,0.8666666666666667
10878,15,2,0,0,0,17,0.8823529411764706
10879,14,2,0,0,0,16,0.875
10880,14,2,0,0,0,16,0.875
10881,13,2,0,0,0,15,0.8666666666666667
10882,13,2,0,0,0,15,0.8666666666666667
10883,16,2,0,0,0,18,0.8888888888888888
10884,14,2,0,0,0,16,0.875
10885,13,2,0,0,0,15,0.8666666666666667
10886,13,2,0,0,0,15,0.8666666666666667
10887,13,2,0,0,0,15,0.8666666666666667
10888,13,2,0,0,0,15,0.8666666666666667
10889,11,2,0,0,0,13,0.8461538461538461
10890,14,2,0,0,0,16,0.875
10891,12,2,0,0,0,14,0.8571428571428571
10892,11,2,0,0,0,13,0.8461538461538461
10893,14,2,0,0,0,16,0.875
10894,14,2,1,0,0,17,0.8235294117647058
10895,14,2,0,0,0,16,0.875
10896,15,2,1,0,0,18,0.8333333333333334
10897,13,2,1,0,0,16,0.8125
10898,13,2,1,0,0,16,0.8125
10899,14,2,1,0,0,17,0.8235294117647058
10900,13,2,1,0,0,16,0.8125
10901,13,2,0,0,0,15,0.8666666666666667
10902,12,2,0,0,0,14,0.8571428571428571
10903,13,2,0,0,0,15,0.8666666666666667
10904,14,2,0,0,0,16,0.875
10905,14,2,0,0,0,16,0.875
10906,15,2,0,0,0,17,0.8823529411764706
10907,13,2,0,0,0,15,0.8666666666666667
10908,15,2,0,0,0,17,0.8823529411764706
10909,12,2,0,0,0,14,0.8571428571428571
10910,14,2,1,0,0,17,0.8235294117647058
10911,12,2,0,0,0,14,0.8571428571428571
10912,12,2,0,0,0,14,0.8571428571428571
10913,13,2,0,0,0,15,0.8666666666666667
10914,12,2,0,0,0,14,0.8571428571428571
10915,14,2,0,0,0,16,0.875
10916,12,2,0,0,0,14,0.8571428571428571
10917,12,2,0,0,0,14,0.8571428571428571
10918,13,2,0,0,0,15,0.8666666666666667
10919,13,2,0,0,0,15,0.8666666666666667
10920,12,2,0,0,0,14,0.8571428571428571
10921,13,2,0,0,0,15,0.8666666666666667
10922,13,2,0,0,0,15,0.8666666666666667
10923,14,2,0,0,0,16,0.875
10924,13,2,0,0,0,15,0.8666666666666667
10925,13,2,0,0,0,15,0.8666666666666667
10926,13,2,0,0,0,15,0.8666666666666667
10927,13,2,0,0,0,15,0.8666666666666667
10928,12,2,0,0,0,14,0.8571428571428571
10929,13,2,0,0,0,15,0.8666666666666667
10930,14,2,0,0,0,16,0.875
10931,13,2,0,0,0,15,0.8666666666666667
10932,14,2,0,0,0,16,0.875
10933,11,2,0,0,0,13,0.8461538461538461
10934,13,2,0,0,0,15,0.8666666666666667
10935,11,2,0,0,0,13,0.8461538461538461
10936,14,2,0,0,0,16,0.875
10937,11,2,0,0,0,13,0.8461538461538461
10938,15,2,0,0,0,17,0.8823529411764706
10939,12,2,0,0,0,14,0.8571428571428571
10940,13,2,0,0,0,15,0.8666666666666667
10941,12,2,0,0,0,14,0.8571428571428571
10942,15,2,0,0,0,17,0.8823529411764706
10943,12,2,0,0,0,14,0.8571428571428571
10944,13,2,0,0,0,15,0.8666666666666667
10945,14,2,0,0,0,16,0.875
10946,12,2,0,0,0,14,0.8571428571428571
10947,12,2,0,0,0,14,0.8571428571428571
10948,12,2,0,0,0,14,0.8571428571428571
10949,13,2,0,0,0,15,0.8666666666666667
10950,12,2,0,0,0,14,0.8571428571428571
10951,14,2,0,0,0,16,0.875
10952,13,2,0,0,0,15,0.8666666666666667
10953,12,2,0,0,0,14,0.8571428571428571
10954,12,2,0,0,0,14,0.8571428571428571
10955,13,2,0,0,0,15,0.8666666666666667
10956,11,2,0,0,0,13,0.8461538461538461
10957,11,2,0,0,0,13,0.8461538461538461
10958,12,2,0,0,0,14,0.8571428571428571
10959,12,2,0,0,0,14,0.8571428571428571
10960,12,2,0,0,0,14,0.8571428571428571
10961,13,2,0,0,0,15,0.8666666666666667
10962,13,2,0,0,0,15,0.8666666666666667
10963,14,2,0,0,0,16,0.875
10964,13,2,0,0,0,15,0.8666666666666667
10965,12,2,0,0,0,14,0.8571428571428571
10966,11,2,0,0,0,13,0.8461538461538461
10967,13,2,0,0,0,15,0.8666666666666667
10968,11,2,0,0,0,13,0.8461538461538461
10969,10,2,0,0,0,12,0.8333333333333334
10970,11,2,0,0,0,13,0.8461538461538461
10971,13,2,0,0,0,15,0.8666666666666667
10972,13,2,0,0,0,15,0.8666666666666667
10973,11,2,0,0,0,13,0.8461538461538461
10974,12,2,0,0,0,14,0.8571428571428571
10975,13,2,0,0,0,15,0.8666666666666667
10976,13,2,0,0,0,15,0.8666666666666667
10977,14,2,0,0,0,16,0.875
10978,14,2,0,0,0,16,0.875
10979,13,2,0,0,0,15,0.8666666666666667
10980,15,2,0,0,0,17,0.8823529411764706
10981,12,2,0,0,0,14,0.8571428571428571
10982,13,2,0,0,0,15,0.8666666666666667
10983,12,2,0,0,0,14,0.8571428571428571
10984,12,2,0,0,0,14,0.8571428571428571
10985,12,2,0,0,0,14,0.8571428571428571
10986,14,2,0,0,0,16,0.875
10987,13,2,0,0,0,15,0.8666666666666667
10988,12,2,0,0,0,14,0.8571428571428571
10989,12,2,0,0,0,14,0.8571428571428571
10990,13,2,0,0,0,15,0.8666666666666667
10991,14,2,0,0,0,16,0.875
10992,12,2,0,0,0,14,0.8571428571428571
10993,12,2,0,0,0,14,0.8571428571428571
10994,13,2,0,0,0,15,0.8666666666666667
10995,14,2,0,0,0,16,0.875
10996,13,2,0,0,0,15,0.8666666666666667
10997,12,2,0,0,0,14,0.8571428571428571
10998,15,2,0,0,0,17,0.8823529411764706
10999,12,2,0,0,0,14,0.8571428571428571
11000,12,2,0,0,0,14,0.8571428571428571
11001,13,2,0,0,0,15,0.8666666666666667
11002,14,2,0,0,0,16,0.875
11003,13,2,0,0,0,15,0.8666666666666667
11004,12,2,0,0,0,14,0.8571428571428571
11005,12,2,0,0,0,14,0.8571428571428571
11006,14,2,0,0,0,16,0.875
11007,12,2,0,0,0,14,0.8571428571428571
11008,12,2,0,0,0,14,0.8571428571428571
11009,13,2,0,0,0,15,0.8666666666666667
11010,12,2,0,0,0,14,0.8571428571428571
11011,14,2,0,0,0,16,0.875
11012,12,2,0,0,0,14,0.8571428571428571
11013,13,2,0,0,0,15,0.8666666666666667
11014,13,2,0,0,0,15,0.8666666666666667
11015,13,2,0,0,0,15,0.8666666666666667
11016,13,2,0,0,0,15,0.8666666666666667
11017,14,2,0,0,0,16,0.875
11018,13,2,0,0,0,15,0.8666666666666667
11019,14,2,0,0,0,16,0.875
11020,11,2,0,0,0,13,0.8461538461538461
11021,15,2,0,0,0,17,0.8823529411764706
11022,10,2,0,0,0,12,0.8333333333333334
11023,12,2,0,0,0,14,0.8571428571428571
11024,12,2,0,0,0,14,0.8571428571428571
11025,13,2,0,0,0,15,0.8666666666666667
11026,11,2,0,0,0,13,0.8461538461538461
11027,13,2,0,0,0,15,0.8666666666666667
11028,13,2,0,0,0,15,0.8666666666666667
11029,12,2,0,0,0,14,0.8571428571428571
11030,14,2,0,0,0,16,0.875
11031,14,2,0,0,0,16,0.875
11032,12,2,0,0,0,14,0.8571428571428571
11033,14,2,0,0,0,16,0.875
11034,14,2,0,0,0,16,0.875
11035,12,2,0,0,0,14,0.8571428571428571
11036,13,2,0,0,0,15,0.8666666666666667
11037,12,3,0,0,0,15,0.8
11038,12,2,0,0,0,14,0.8571428571428571
11039,14,2,0,0,0,16,0.875
11040,13,2,0,0,0,15,0.8666666666666667
11041,14,2,0,0,0,16,0.875
11042,13,2,0,0,0,15,0.8666666666666667
11043,13,2,0,0,0,15,0.8666666666666667
11044,11,2,0,0,0,13,0.8461538461538461
11045,12,2,0,0,0,14,0.8571428571428571
11046,12,2,0,0,0,14,0.8571428571428571
11047,13,3,0,0,0,16,0.8125
11048,12,2,0,0,0,14,0.8571428571428571
11049,13,2,0,0,0,15,0.8666666666666667
11050,12,2,0,0,0,14,0.8571428571428571
11051,15,2,0,0,0,17,0.8823529411764706
11052,14,2,0,0,0,16,0.875
11053,14,2,0,0,0,16,0.875
11054,13,2,0,0,0,15,0.8666666666666667
11055,12,2,0,0,0,14,0.8571428571428571
11056,14,2,0,0,0,16,0.875
11057,12,2,0,0,0,14,0.8571428571428571
11058,12,2,0,0,0,14,0.8571428571428571
11059,12,2,0,0,0,14,0.8571428571428571
11060,14,2,0,0,0,16,0.875
11061,14,2,0,0,0,16,0.875
11062,13,2,0,0,0,15,0.8666666666666667
11063,14,2,0,0,0,16,0.875
11064,13,2,0,0,0,15,0.8666666666666667
11065,13,2,0,0,0,15,0.8666666666666667
11066,13,2,0,0,0,15,0.8666666666666667
11067,12,2,0,0,0,14,0.8571428571428571
11068,13,2,0,0,0,15,0.8666666666666667
11069,12,2,0,0,0,14,0.8571428571428571
11070,14,2,0,0,0,16,0.875
11071,12,2,0,0,0,14,0.8571428571428571
11072,13,2,0,0,0,15,0.8666666666666667
11073,13,2,0,0,0,15,0.8666666666666667
11074,12,2,0,0,0,14,0.8571428571428571
11075,12,2,0,0,0,14,0.8571428571428571
11076,14,2,0,0,0,16,0.875
11077,14,2,0,0,0,16,0.875
11078,13,2,0,0,0,15,0.8666666666666667
11079,13,2,0,0,0,15,0.8666666666666667
11080,14,2,0,0,0,16,0.875
11081,13,2,0,0,0,15,0.8666666666666667
11082,11,2,0,0,0,13,0.8461538461538461
11083,13,2,0,0,0,15,0.8666666666666667
11084,13,2,0,0,0,15,0.8666666666666667
11085,11,2,0,0,0,13,0.8461538461538461
11086,11,2,0,0,0,13,0.8461538461538461
11087,14,2,0,0,0,16,0.875
11088,11,1,0,0,0,12,0.9166666666666666
11089,12,2,0,0,0,14,0.8571428571428571
11090,13,2,0,0,0,15,0.8666666666666667
11091,13,2,0,0,0,15,0.8666666666666667
11092,12,2,0,0,0,14,0.8571428571428571
11093,14,2,0,0,0,16,0.875
11094,12,3,0,0,0,15,0.8
11095,12,2,0,0,0,14,0.8571428571428571
11096,13,2,0,0,0,15,0.8666666666666667
11097,16,2,0,0,0,18,0.8888888888888888
11098,15,2,0,0,0,17,0.8823529411764706
11099,12,2,0,0,0,14,0.8571428571428571
11100,14,2,0,0,0,16,0.875
11101,12,2,0,0,0,14,0.8571428571428571
11102,13,2,0,0,0,15,0.8666666666666667
11103,13,2,0,0,0,15,0.8666666666666667
11104,12,2,0,0,0,14,0.8571428571428571
11105,14,2,0,0,0,16,0.875
11106,13,2,0,0,0,15,0.8666666666666667
11107,12,2,0,0,0,14,0.8571428571428571
11108,14,2,0,0,0,16,0.875
11109,16,2,0,0,0,18,0.8888888888888888
11110,15,2,1,0,0,18,0.8333333333333334
11111,14,2,1,0,0,17,0.8235294117647058
11112,15,2,0,0,0,17,0.8823529411764706
11113,14,2,1,0,0,17,0.8235294117647058
11114,14,2,1,0,0,17,0.8235294117647058
11115,16,2,1,0,0,19,0.8421052631578947
11116,16,2,1,0,0,19,0.8421052631578947
11117,16,2,1,0,0,19,0.8421052631578947
11118,16,2,1,0,0,19,0.8421052631578947
11119,15,2,1,0,0,18,0.8333333333333334
11120,15,2,1,0,0,18,0.8333333333333334
11121,14,2,1,0,0,17,0.8235294117647058
11122,13,2,1,0,0,16,0.8125
11123,15,2,0,0,0,17,0.8823529411764706
11124,15,2,1,0,0,18,0.8333333333333334
11125,14,2,1,0,0,17,0.8235294117647058
11126,14,2,1,0,0,17,0.8235294117647058
11127,14,2,1,0,0,17,0.8235294117647058
11128,15,2,1,0,0,18,0.8333333333333334
11129,15,2,1,0,0,18,0.8333333333333334
11130,14,2,1,0,0,17,0.8235294117647058
11131,16,2,1,0,0,19,0.8421052631578947
11132,15,2,1,0,0,18,0.8333333333333334
11133,14,2,1,0,0,17,0.8235294117647058
11134,15,2,1,0,0,18,0.8333333333333334
11135,14,2,1,0,0,17,0.8235294117647058
11136,14,2,1,0,0,17,0.8235294117647058
11137,14,2,1,0,0,17,0.8235294117647058
11138,15,2,1,0,0,18,0.8333333333333334
11139,14,2,1,0,0,17,0.8235294117647058
11140,14,2,1,0,0,17,0.8235294117647058
11141,16,2,1,0,0,19,0.8421052631578947
11142,14,2,1,0,0,17,0.8235294117647058
11143,14,2,1,0,0,17,0.8235294117647058
11144,15,2,1,0,0,18,0.8333333333333334
11145,15,2,1,0,0,18,0.8333333333333334
11146,14,2,0,0,0,16,0.875
11147,13,2,1,0,0,16,0.8125
11148,15,2,1,0,0,18,0.8333333333333334
11149,16,2,0,0,0,18,0.8888888888888888
11150,13,2,1,0,0,16,0.8125
11151,15,2,1,0,0,18,0.8333333333333334
11152,13,2,1,0,0,16,0.8125
11153,15,2,1,0,0,18,0.8333333333333334
11154,12,2,1,0,0,15,0.8
11155,15,2,1,0,0,18,0.8333333333333334
11156,16,2,1,0,0,19,0.8421052631578947
11157,15,2,1,0,0,18,0.8333333333333334
11158,14,2,0,0,0,16,0.875
11159,14,2,0,0,0,16,0.875
11160,15,2,1,0,0,18,0.8333333333333334
11161,14,2,1,0,0,17,0.8235294117647058
11162,14,2,0,0,0,16,0.875
11163,14,2,1,0,0,17,0.8235294117647058
11164,13,2,1,0,0,16,0.8125
11165,14,2,0,0,0,16,0.875
11166,15,2,0,0,0,17,0.8823529411764706
11167,12,2,1,0,0,15,0.8
11168,15,2,0,0,0,17,0.8823529411764706
11169,13,2,1,0,0,16,0.8125
11170,13,2,0,0,0,15,0.8666666666666667
11171,13,2,1,0,0,16,0.8125
11172,15,2,0,0,0,17,0.8823529411764706
11173,13,2,0,0,0,15,0.8666666666666667
11174,14,2,0,0,0,16,0.875
11175,14,2,1,0,0,17,0.8235294117647058
11176,13,2,0,0,0,15,0.8666666666666667
11177,14,2,1,0,0,17,0.8235294117647058
11178,13,2,1,0,0,16,0.8125
11179,12,2,0,0,0,14,0.8571428571428571
11180,12,3,1,0,0,16,0.75
11181,14,2,0,0,0,16,0.875
11182,13,2,0,0,0,15,0.8666666666666667
11183,14,2,0,0,0,16,0.875
11184,13,2,1,0,0,16,0.8125
11185,14,2,0,0,0,16,0.875
11186,12,2,1,0,0,15,0.8
11187,12,2,1,0,0,15,0.8
11188,13,2,0,0,0,15,0.8666666666666667
11189,13,2,0,0,0,15,0.8666666666666667
11190,14,2,0,0,0,16,0.875
11191,14,2,0,0,0,16,0.875
11192,12,2,1,0,0,15,0.8
11193,15,2,0,0,0,17,0.8823529411764706
11194,13,2,0,0,0,15,0.8666666666666667
11195,15,2,0,0,0,17,0.8823529411764706
11196,13,3,0,0,0,16,0.8125
11197,14,3,1,0,0,18,0.7777777777777778
11198,13,3,1,0,0,17,0.7647058823529411
11199,15,2,1,0,0,18,0.8333333333333334
11200,13,2,1,0,0,16,0.8125
11201,12,2,1,0,0,15,0.8
11202,14,2,0,0,0,16,0.875
11203,13,3,1,0,0,17,0.7647058823529411
11204,14,1,0,0,0,15,0.9333333333333333
11205,14,2,1,0,0,17,0.8235294117647058
11206,13,3,1,0,0,17,0.7647058823529411
11207,14,2,0,0,0,16,0.875
11208,14,2,0,0,0,16,0.875
11209,13,2,1,0,0,16,0.8125
11210,15,2,1,0,0,18,0.8333333333333334
11211,13,3,1,0,0,17,0.7647058823529411
11212,13,2,0,0,0,15,0.8666666666666667
11213,13,2,0,0,0,15,0.8666666666666667
11214,11,2,0,0,0,13,0.8461538461538461
11215,12,3,1,0,0,16,0.75
11216,14,2,1,0,0,17,0.8235294117647058
11217,13,2,0,0,0,15,0.8666666666666667
11218,13,2,1,0,0,16,0.8125
11219,13,2,0,0,0,15,0.8666666666666667
11220,12,2,0,0,0,14,0.8571428571428571
11221,13,2,1,0,0,16,0.8125
11222,10,2,1,0,0,13,0.7692307692307693
11223,13,2,1,0,0,16,0.8125
11224,12,2,1,0,0,15,0.8
11225,12,2,1,0,0,15,0.8
11226,13,2,1,0,0,16,0.8125
11227,13,2,0,0,0,15,0.8666666666666667
11228,13,2,1,0,0,16,0.8125
11229,12,2,0,0,0,14,0.8571428571428571
11230,12,3,1,0,0,16,0.75
11231,12,2,0,0,0,14,0.8571428571428571
11232,12,2,1,0,0,15,0.8
11233,13,2,1,0,0,16,0.8125
11234,14,2,1,0,0,17,0.8235294117647058
11235,12,2,1,0,0,15,0.8
11236,13,2,1,0,0,16,0.8125
11237,14,2,1,0,0,17,0.8235294117647058
11238,12,2,1,0,0,15,0.8
11239,13,3,1,0,0,17,0.7647058823529411
11240,15,2,1,0,0,18,0.8333333333333334
11241,12,3,1,0,0,16,0.75
11242,13,2,1,0,0,16,0.8125
11243,11,2,0,0,0,13,0.8461538461538461
11244,11,2,1,0,0,14,0.7857142857142857
11245,12,2,1,0,0,15,0.8
11246,12,3,1,0,0,16,0.75
11247,13,2,0,0,0,15,0.8666666666666667
11248,13,3,0,0,0,16,0.8125
11249,11,3,1,0,0,15,0.7333333333333333
11250,12,2,1,0,0,15,0.8
11251,14,2,1,0,0,17,0.8235294117647058
11252,14,3,1,0,0,18,0.7777777777777778
11253,12,3,1,0,0,16,0.75
11254,14,2,1,0,0,17,0.8235294117647058
11255,13,3,1,0,0,17,0.7647058823529411
11256,14,2,1,0,0,17,0.8235294117647058
11257,13,3,1,0,0,17,0.7647058823529411
11258,14,2,1,0,0,17,0.8235294117647058
11259,11,2,1,0,0,14,0.7857142857142857
11260,12,3,1,0,0,16,0.75
11261,12,3,1,0,0,16,0.75
11262,13,2,1,0,0,16,0.8125
11263,13,2,1,0,0,16,0.8125
11264,13,2,0,0,0,15,0.8666666666666667
11265,14,2,0,0,0,16,0.875
11266,13,2,1,0,0,16,0.8125
11267,13,2,1,0,0,16,0.8125
11268,13,2,1,0,0,16,0.8125
11269,14,3,1,0,0,18,0.7777777777777778
11270,13,2,1,0,0,16,0.8125
11271,13,3,1,0,0,17,0.7647058823529411
11272,12,2,1,0,0,15,0.8
11273,13,2,0,0,0,15,0.8666666666666667
11274,12,2,1,0,0,15,0.8
11275,12,2,0,0,0,14,0.8571428571428571
11276,13,2,1,0,0,16,0.8125
11277,13,2,1,0,0,16,0.8125
11278,14,2,1,0,0,17,0.8235294117647058
11279,13,3,0,0,0,16,0.8125
11280,12,3,1,0,0,16,0.75
11281,13,2,1,0,0,16,0.8125
11282,13,2,1,0,0,16,0.8125
11283,14,2,1,0,0,17,0.8235294117647058
11284,14,2,1,0,0,17,0.8235294117647058
11285,13,2,1,0,0,16,0.8125
11286,14,2,1,0,0,17,0.8235294117647058
11287,14,2,1,0,0,17,0.8235294117647058
11288,13,2,1,0,0,16,0.8125
11289,14,2,1,0,0,17,0.8235294117647058
11290,14,2,0,0,0,16,0.875
11291,14,2,1,0,0,17,0.8235294117647058
11292,12,2,0,0,0,14,0.8571428571428571
11293,14,2,0,0,0,16,0.875
11294,12,2,0,0,0,14,0.8571428571428571
11295,14,2,1,0,0,17,0.8235294117647058
11296,12,2,1,0,0,15,0.8
11297,12,2,1,0,0,15,0.8
11298,13,2,1,0,0,16,0.8125
11299,13,2,1,0,0,16,0.8125
11300,14,2,0,0,0,16,0.875
11301,12,2,1,0,0,15,0.8
11302,13,2,1,0,0,16,0.8125
11303,14,2,1,0,0,17,0.8235294117647058
11304,13,3,1,0,0,17,0.7647058823529411
11305,13,2,1,0,0,16,0.8125
11306,14,2,1,0,0,17,0.8235294117647058
11307,13,2,1,0,0,16,0.8125
11308,13,2,0,0,0,15,0.8666666666666667
11309,11,2,1,0,0,14,0.7857142857142857
11310,14,2,0,0,0,16,0.875
11311,14,2,1,0,0,17,0.8235294117647058
11312,14,2,1,0,0,17,0.8235294117647058
11313,12,2,0,0,0,14,0.8571428571428571
11314,13,2,1,0,0,16,0.8125
11315,12,3,1,0,0,16,0.75
11316,14,3,1,0,0,18,0.7777777777777778
11317,14,2,1,0,0,17,0.8235294117647058
11318,14,2,0,0,0,16,0.875
11319,14,2,0,0,0,16,0.875
11320,14,2,0,0,0,16,0.875
11321,12,2,0,0,0,14,0.8571428571428571
11322,13,2,0,0,0,15,0.8666666666666667
11323,13,2,1,0,0,16,0.8125
11324,14,2,1,0,0,17,0.8235294117647058
11325,14,2,1,0,0,17,0.8235294117647058
11326,14,2,1,0,0,17,0.8235294117647058
11327,13,2,1,0,0,16,0.8125
11328,13,2,0,0,0,15,0.8666666666666667
11329,11,2,0,0,0,13,0.8461538461538461
11330,13,2,1,0,0,16,0.8125
11331,13,2,0,0,0,15,0.8666666666666667
11332,14,2,1,0,0,17,0.8235294117647058
11333,14,2,0,0,0,16,0.875
11334,13,2,0,0,0,15,0.8666666666666667
11335,13,2,1,0,0,16,0.8125
11336,13,2,0,0,0,15,0.8666666666666667
11337,13,2,0,0,0,15,0.8666666666666667
11338,14,2,1,0,0,17,0.8235294117647058
11339,14,2,0,0,0,16,0.875
11340,14,2,0,0,0,16,0.875
11341,13,2,1,0,0,16,0.8125
11342,14,2,0,0,0,16,0.875
11343,12,2,1,0,0,15,0.8
11344,12,2,0,0,0,14,0.8571428571428571
11345,14,2,1,0,0,17,0.8235294117647058
11346,14,2,1,0,0,17,0.8235294117647058
11347,12,2,1,0,0,15,0.8
11348,13,2,0,0,0,15,0.8666666666666667
11349,13,2,0,0,0,15,0.8666666666666667
11350,12,2,0,0,0,14,0.8571428571428571
11351,13,2,0,0,0,15,0.8666666666666667
11352,13,1,0,0,0,14,0.9285714285714286
11353,14,2,0,0,0,16,0.875
11354,13,2,0,0,0,15,0.8666666666666667
11355,12,2,0,0,0,14,0.8571428571428571
11356,13,3,0,0,0,16,0.8125
11357,12,2,1,0,0,15,0.8
11358,14,2,1,0,0,17,0.8235294117647058
11359,13,2,0,0,0,15,0.8666666666666667
11360,12,2,0,0,0,14,0.8571428571428571
11361,14,2,0,0,0,16,0.875
11362,14,2,0,0,0,16,0.875
11363,14,2,0,0,0,16,0.875
11364,12,2,0,0,0,14,0.8571428571428571
11365,14,2,0,0,0,16,0.875
11366,13,2,0,0,0,15,0.8666666666666667
11367,15,3,0,0,0,18,0.8333333333333334
11368,12,2,1,0,0,15,0.8
11369,15,2,0,0,0,17,0.8823529411764706
11370,14,2,1,0,0,17,0.8235294117647058
11371,13,3,1,0,0,17,0.7647058823529411
11372,13,2,1,0,0,16,0.8125
11373,14,2,1,0,0,17,0.8235294117647058
11374,14,3,1,0,0,18,0.7777777777777778
11375,14,2,1,0,0,17,0.8235294117647058
11376,15,2,1,0,0,18,0.8333333333333334
11377,14,2,1,0,0,17,0.8235294117647058
11378,12,2,1,0,0,15,0.8
11379,13,2,0,0,0,15,0.8666666666666667
11380,14,3,1,0,0,18,0.7777777777777778
11381,13,3,1,0,0,17,0.7647058823529411
11382,13,2,1,0,0,16,0.8125
11383,13,2,1,0,0,16,0.8125
11384,14,2,0,0,0,16,0.875
11385,13,2,0,0,0,15,0.8666666666666667
11386,12,2,1,0,0,15,0.8
11387,12,3,1,0,0,16,0.75
11388,12,3,1,0,0,16,0.75
11389,12,2,0,0,0,14,0.8571428571428571
11390,12,2,1,0,0,15,0.8
11391,13,3,1,0,0,17,0.7647058823529411
11392,12,3,0,0,0,15,0.8
11393,12,2,1,0,0,15,0.8
11394,12,2,0,0,0,14,0.8571428571428571
11395,13,2,0,0,0,15,0.8666666666666667
11396,14,2,1,0,0,17,0.8235294117647058
11397,15,2,1,0,0,18,0.8333333333333334
11398,13,2,1,0,0,16,0.8125
11399,13,3,1,0,0,17,0.7647058823529411
11400,14,2,0,0,0,16,0.875
11401,12,2,1,0,0,15,0.8
11402,12,2,1,0,0,15,0.8
11403,12,3,1,0,0,16,0.75
11404,14,3,1,0,0,18,0.7777777777777778
11405,14,2,1,0,0,17,0.8235294117647058
11406,13,3,1,0,0,17,0.7647058823529411
11407,13,2,0,0,0,15,0.8666666666666667
11408,14,2,1,0,0,17,0.8235294117647058
11409,13,2,1,0,0,16,0.8125
11410,13,2,0,0,0,15,0.8666666666666667
11411,13,2,0,0,0,15,0.8666666666666667
11412,12,2,1,0,0,15,0.8
11413,13,2,0,0,0,15,0.8666666666666667
11414,14,2,0,0,0,16,0.875
11415,15,2,1,0,0,18,0.8333333333333334
11416,14,2,0,0,0,16,0.875
11417,12,2,0,0,0,14,0.8571428571428571
11418,12,2,0,0,0,14,0.8571428571428571
11419,13,2,0,0,0,15,0.8666666666666667
11420,12,2,1,0,0,15,0.8
11421,12,2,0,0,0,14,0.8571428571428571
11422,12,2,0,0,0,14,0.8571428571428571
11423,11,2,0,0,0,13,0.8461538461538461
11424,12,2,0,0,0,14,0.8571428571428571
11425,12,2,0,0,0,14,0.8571428571428571
11426,13,2,0,0,0,15,0.8666666666666667
11427,12,2,0,0,0,14,0.8571428571428571
11428,14,2,1,0,0,17,0.8235294117647058
11429,13,2,0,0,0,15,0.8666666666666667
11430,14,2,0,0,0,16,0.875
11431,13,2,0,0,0,15,0.8666666666666667
11432,12,2,0,0,0,14,0.8571428571428571
11433,11,3,0,0,0,14,0.7857142857142857
11434,13,2,0,0,0,15,0.8666666666666667
11435,12,2,0,0,0,14,0.8571428571428571
11436,13,2,0,0,0,15,0.8666666666666667
11437,13,2,1,0,0,16,0.8125
11438,12,3,0,0,0,15,0.8
11439,12,2,0,0,0,14,0.8571428571428571
11440,13,2,0,0,0,15,0.8666666666666667
11441,13,2,1,0,0,16,0.8125
11442,12,2,0,0,0,14,0.8571428571428571
11443,14,2,0,0,0,16,0.875
11444,13,2,0,0,0,15,0.8666666666666667
11445,13,2,1,0,0,16,0.8125
11446,13,2,1,0,0,16,0.8125
11447,12,3,0,0,0,15,0.8
11448,12,2,1,0,0,15,0.8
11449,12,2,1,0,0,15,0.8
11450,13,2,0,0,0,15,0.8666666666666667
11451,15,2,0,0,0,17,0.8823529411764706
11452,13,2,0,0,0,15,0.8666666666666667
11453,12,2,0,0,0,14,0.8571428571428571
11454,14,2,0,0,0,16,0.875
11455,14,2,0,0,0,16,0.875
11456,13,2,0,0,0,15,0.8666666666666667
11457,13,2,0,0,0,15,0.8666666666666667
11458,13,2,0,0,0,15,0.8666666666666667
11459,13,2,0,0,0,15,0.8666666666666667
11460,13,2,1,0,0,16,0.8125
11461,13,2,0,0,0,15,0.8666666666666667
11462,13,2,0,0,0,15,0.8666666666666667
11463,14,2,0,0,0,16,0.875
11464,13,2,0,0,0,15,0.8666666666666667
11465,13,2,1,0,0,16,0.8125
11466,14,2,0,0,0,16,0.875
11467,13,2,0,0,0,15,0.8666666666666667
11468,13,2,0,0,0,15,0.8666666666666667
11469,14,2,0,0,0,16,0.875
11470,14,2,0,0,0,16,0.875
11471,14,2,0,0,0,16,0.875
11472,13,2,0,0,0,15,0.8666666666666667
11473,13,2,0,0,0,15,0.8666666666666667
11474,11,3,0,0,0,14,0.7857142857142857
11475,12,2,0,0,0,14,0.8571428571428571
11476,12,2,0,0,0,14,0.8571428571428571
11477,13,2,0,0,0,15,0.8666666666666667
11478,12,2,0,0,0,14,0.8571428571428571
11479,13,2,0,0,0,15,0.8666666666666667
11480,14,2,0,0,0,16,0.875
11481,14,2,0,0,0,16,0.875
11482,11,2,1,0,0,14,0.7857142857142857
11483,13,2,0,0,0,15,0.8666666666666667
11484,11,2,0,0,0,13,0.8461538461538461
11485,13,2,0,0,0,15,0.8666666666666667
11486,12,2,1,0,0,15,0.8
11487,12,2,0,0,0,14,0.8571428571428571
11488,10,2,0,0,0,12,0.8333333333333334
11489,11,2,1,0,0,14,0.7857142857142857
11490,10,2,1,0,0,13,0.7692307692307693
11491,12,2,1,0,0,15,0.8
11492,13,2,1,0,0,16,0.8125
11493,12,2,1,0,0,15,0.8
11494,13,2,1,0,0,16,0.8125
11495,12,2,1,0,0,15,0.8
11496,11,2,1,0,0,14,0.7857142857142857
11497,13,2,1,0,0,16,0.8125
11498,11,2,1,0,0,14,0.7857142857142857
11499,13,2,1,0,0,16,0.8125
11500,13,2,1,0,0,16,0.8125
11501,13,2,1,0,0,16,0.8125
11502,11,2,1,0,0,14,0.7857142857142857
11503,11,2,1,0,0,14,0.7857142857142857
11504,12,2,1,0,0,15,0.8
11505,11,2,1,0,0,14,0.7857142857142857
11506,11,2,1,0,0,14,0.7857142857142857
11507,13,3,1,0,0,17,0.7647058823529411
11508,12,2,0,0,0,14,0.8571428571428571
11509,12,2,0,0,0,14,0.8571428571428571
11510,13,2,0,0,0,15,0.8666666666666667
11511,12,2,0,0,0,14,0.8571428571428571
11512,12,2,1,0,0,15,0.8
11513,13,2,0,0,0,15,0.8666666666666667
11514,12,2,0,0,0,14,0.8571428571428571
11515,11,2,0,0,0,13,0.8461538461538461
11516,14,2,0,0,0,16,0.875
11517,13,2,0,0,0,15,0.8666666666666667
11518,12,2,0,0,0,14,0.8571428571428571
11519,12,2,0,0,0,14,0.8571428571428571
11520,12,2,0,0,0,14,0.8571428571428571
11521,11,2,0,0,0,13,0.8461538461538461
11522,12,2,0,0,0,14,0.8571428571428571
11523,13,2,0,0,0,15,0.8666666666666667
11524,11,2,0,0,0,13,0.8461538461538461
11525,12,2,0,0,0,14,0.8571428571428571
11526,11,2,0,0,0,13,0.8461538461538461
11527,12,2,0,0,0,14,0.8571428571428571
11528,12,2,0,0,0,14,0.8571428571428571
11529,13,2,0,0,0,15,0.8666666666666667
11530,12,2,0,0,0,14,0.8571428571428571
11531,11,2,0,0,0,13,0.8461538461538461
11532,12,2,0,0,0,14,0.8571428571428571
11533,11,1,0,0,0,12,0.9166666666666666
11534,13,2,0,0,0,15,0.8666666666666667
11535,12,2,0,0,0,14,0.8571428571428571
11536,12,2,0,0,0,14,0.8571428571428571
11537,12,2,0,0,0,14,0.8571428571428571
11538,13,2,0,0,0,15,0.8666666666666667
11539,13,2,0,0,0,15,0.8666666666666667
11540,13,2,0,0,0,15,0.8666666666666667
11541,12,2,0,0,0,14,0.8571428571428571
11542,12,2,0,0,0,14,0.8571428571428571
11543,12,2,0,0,0,14,0.8571428571428571
11544,13,2,0,0,0,15,0.8666666666666667
11545,13,2,0,0,0,15,0.8666666666666667
11546,13,2,0,0,0,15,0.8666666666666667
11547,12,2,0,0,0,14,0.8571428571428571
11548,13,2,0,0,0,15,0.8666666666666667
11549,13,2,0,0,0,15,0.8666666666666667
11550,12,2,0,0,0,14,0.8571428571428571
11551,13,2,0,0,0,15,0.8666666666666667
11552,12,2,0,0,0,14,0.8571428571428571
11553,12,2,0,0,0,14,0.8571428571428571
11554,13,2,0,0,0,15,0.8666666666666667
11555,13,2,0,0,0,15,0.8666666666666667
11556,12,2,0,0,0,14,0.8571428571428571
11557,12,2,0,0,0,14,0.8571428571428571
11558,12,2,0,0,0,14,0.8571428571428571
11559,12,2,0,0,0,14,0.8571428571428571
11560,13,2,0,0,0,15,0.8666666666666667
11561,12,2,0,0,0,14,0.8571428571428571
11562,12,2,0,0,0,14,0.8571428571428571
11563,13,2,0,0,0,15,0.8666666666666667
11564,10,2,0,0,0,12,0.8333333333333334
11565,12,2,0,0,0,14,0.8571428571428571
11566,12,2,0,0,0,14,0.8571428571428571
11567,13,1,0,0,0,14,0.9285714285714286
11568,13,2,0,0,0,15,0.8666666666666667
11569,10,2,0,0,0,12,0.8333333333333334
11570,11,1,0,0,0,12,0.9166666666666666
11571,13,2,0,0,0,15,0.8666666666666667
11572,13,2,0,0,0,15,0.8666666666666667
11573,11,2,0,0,0,13,0.8461538461538461
11574,12,2,0,0,0,14,0.8571428571428571
11575,11,2,0,0,0,13,0.8461538461538461
11576,11,1,0,0,0,12,0.9166666666666666
11577,10,2,0,0,0,12,0.8333333333333334
11578,12,2,0,0,0,14,0.8571428571428571
11579,12,2,0,0,0,14,0.8571428571428571
11580,12,1,0,0,0,13,0.9230769230769231
11581,13,2,0,0,0,15,0.8666666666666667
11582,13,2,0,0,0,15,0.8666666666666667
11583,11,2,0,0,0,13,0.8461538461538461
11584,12,2,0,0,0,14,0.8571428571428571
11585,11,2,0,0,0,13,0.8461538461538461
11586,12,2,0,0,0,14,0.8571428571428571
11587,11,2,0,0,0,13,0.8461538461538461
11588,12,2,0,0,0,14,0.8571428571428571
11589,12,2,0,0,0,14,0.8571428571428571
11590,11,2,0,0,0,13,0.8461538461538461
11591,12,2,0,0,0,14,0.8571428571428571
11592,12,2,0,0,0,14,0.8571428571428571
11593,12,2,0,0,0,14,0.8571428571428571
11594,13,2,0,0,0,15,0.8666666666666667
11595,11,2,0,0,0,13,0.8461538461538461
11596,11,2,0,0,0,13,0.8461538461538461
11597,12,2,0,0,0,14,0.8571428571428571
11598,11,2,0,0,0,13,0.8461538461538461
11599,12,2,0,0,0,14,0.8571428571428571
11600,12,2,0,0,0,14,0.8571428571428571
11601,13,2,0,0,0,15,0.8666666666666667
11602,12,2,0,0,0,14,0.8571428571428571
11603,12,2,0,0,0,14,0.8571428571428571
11604,13,2,0,0,0,15,0.8666666666666667
11605,11,2,0,0,0,13,0.8461538461538461
11606,12,2,0,0,0,14,0.8571428571428571
11607,12,2,0,0,0,14,0.8571428571428571
11608,10,2,0,0,0,12,0.8333333333333334
11609,12,2,0,0,0,14,0.8571428571428571
11610,13,2,0,0,0,15,0.8666666666666667
11611,13,2,0,0,0,15,0.8666666666666667
11612,13,2,0,0,0,15,0.8666666666666667
11613,12,2,0,0,0,14,0.8571428571428571
11614,12,1,0,0,0,13,0.9230769230769231
11615,11,2,0,0,0,13,0.8461538461538461
11616,11,2,0,0,0,13,0.8461538461538461
11617,12,2,0,0,0,14,0.8571428571428571
11618,12,2,0,0,0,14,0.8571428571428571
11619,13,2,0,0,0,15,0.8666666666666667
11620,13,2,0,0,0,15,0.8666666666666667
11621,13,2,0,0,0,15,0.8666666666666667
11622,12,2,0,0,0,14,0.8571428571428571
11623,13,2,0,0,0,15,0.8666666666666667
11624,12,2,0,0,0,14,0.8571428571428571
11625,12,2,0,0,0,14,0.8571428571428571
11626,12,2,0,0,0,14,0.8571428571428571
11627,12,2,0,0,0,14,0.8571428571428571
11628,13,2,0,0,0,15,0.8666666666666667
11629,12,2,0,0,0,14,0.8571428571428571
11630,12,2,0,0,0,14,0.8571428571428571
11631,13,2,0,0,0,15,0.8666666666666667
11632,12,2,0,0,0,14,0.8571428571428571
11633,12,2,0,0,0,14,0.8571428571428571
11634,12,2,0,0,0,14,0.8571428571428571
11635,12,2,0,0,0,14,0.8571428571428571
11636,12,2,0,0,0,14,0.8571428571428571
11637,13,2,0,0,0,15,0.8666666666666667
11638,12,2,0,0,0,14,0.8571428571428571
11639,12,2,0,0,0,14,0.8571428571428571
11640,13,2,0,0,0,15,0.8666666666666667
11641,12,2,0,0,0,14,0.8571428571428571
11642,11,2,0,0,0,13,0.8461538461538461
11643,12,2,0,0,0,14,0.8571428571428571
11644,12,2,0,0,0,14,0.8571428571428571
11645,12,2,0,0,0,14,0.8571428571428571
11646,12,2,0,0,0,14,0.8571428571428571
11647,12,2,0,0,0,14,0.8571428571428571
11648,12,2,0,0,0,14,0.8571428571428571
11649,12,2,0,0,0,14,0.8571428571428571
11650,11,2,0,0,0,13,0.8461538461538461
11651,12,2,0,0,0,14,0.8571428571428571
11652,12,2,0,0,0,14,0.8571428571428571
11653,13,2,0,0,0,15,0.8666666666666667
11654,12,2,0,0,0,14,0.8571428571428571
11655,13,2,0,0,0,15,0.8666666666666667
11656,12,2,0,0,0,14,0.8571428571428571
11657,12,2,0,0,0,14,0.8571428571428571
11658,12,2,0,0,0,14,0.8571428571428571
11659,13,2,0,0,0,15,0.8666666666666667
11660,12,2,0,0,0,14,0.8571428571428571
11661,12,2,0,0,0,14,0.8571428571428571
11662,13,2,0,0,0,15,0.8666666666666667
11663,11,2,0,0,0,13,0.8461538461538461
11664,11,2,0,0,0,13,0.8461538461538461
11665,13,2,0,0,0,15,0.8666666666666667
11666,12,2,0,0,0,14,0.8571428571428571
11667,12,2,0,0,0,14,0.8571428571428571
11668,12,2,0,0,0,14,0.8571428571428571
11669,13,2,0,0,0,15,0.8666666666666667
11670,12,2,0,0,0,14,0.8571428571428571
11671,13,2,0,0,0,15,0.8666666666666667
11672,13,2,0,0,0,15,0.8666666666666667
11673,13,2,0,0,0,15,0.8666666666666667
11674,11,2,0,0,0,13,0.8461538461538461
11675,12,2,0,0,0,14,0.8571428571428571
11676,11,2,0,0,0,13,0.8461538461538461
11677,13,2,0,0,0,15,0.8666666666666667
11678,13,2,0,0,0,15,0.8666666666666667
11679,12,2,0,0,0,14,0.8571428571428571
11680,11,2,0,0,0,13,0.8461538461538461
11681,13,2,0,0,0,15,0.8666666666666667
11682,13,2,0,0,0,15,0.8666666666666667
11683,13,2,0,0,0,15,0.8666666666666667
11684,13,2,0,0,0,15,0.8666666666666667
11685,13,2,0,0,0,15,0.8666666666666667
11686,13,2,0,0,0,15,0.8666666666666667
11687,12,2,0,0,0,14,0.8571428571428571
11688,12,2,0,0,0,14,0.8571428571428571
11689,13,2,0,0,0,15,0.8666666666666667
11690,12,2,0,0,0,14,0.8571428571428571
11691,12,2,0,0,0,14,0.8571428571428571
11692,12,2,0,0,0,14,0.8571428571428571
11693,13,2,0,0,0,15,0.8666666666666667
11694,12,2,0,0,0,14,0.8571428571428571
11695,12,2,0,0,0,14,0.8571428571428571
11696,12,2,0,0,0,14,0.8571428571428571
11697,12,2,0,0,0,14,0.8571428571428571
11698,12,2,0,0,0,14,0.8571428571428571
11699,12,2,0,0,0,14,0.8571428571428571
11700,12,2,0,0,0,14,0.8571428571428571
11701,12,2,0,0,0,14,0.8571428571428571
11702,13,2,0,0,0,15,0.8666666666666667
11703,12,2,0,0,0,14,0.8571428571428571
11704,12,2,0,0,0,14,0.8571428571428571
11705,13,2,0,0,0,15,0.8666666666666667
11706,14,2,0,0,0,16,0.875
11707,11,2,0,0,0,13,0.8461538461538461
11708,13,2,0,0,0,15,0.8666666666666667
11709,13,2,0,0,0,15,0.8666666666666667
11710,12,2,0,0,0,14,0.8571428571428571
11711,13,2,0,0,0,15,0.8666666666666667
11712,13,2,0,0,0,15,0.8666666666666667
11713,11,2,0,0,0,13,0.8461538461538461
11714,12,2,0,0,0,14,0.8571428571428571
11715,12,2,0,0,0,14,0.8571428571428571
11716,12,2,0,0,0,14,0.8571428571428571
11717,12,2,0,0,0,14,0.8571428571428571
11718,13,2,0,0,0,15,0.8666666666666667
11719,13,2,0,0,0,15,0.8666666666666667
11720,12,2,0,0,0,14,0.8571428571428571
11721,12,2,0,0,0,14,0.8571428571428571
11722,11,2,0,0,0,13,0.8461538461538461
11723,11,2,0,0,0,13,0.8461538461538461
11724,12,2,0,0,0,14,0.8571428571428571
11725,11,2,0,0,0,13,0.8461538461538461
11726,11,2,0,0,0,13,0.8461538461538461
11727,12,2,0,0,0,14,0.8571428571428571
11728,12,2,0,0,0,14,0.8571428571428571
11729,13,2,0,0,0,15,0.8666666666666667
11730,13,2,0,0,0,15,0.8666666666666667
11731,12,2,0,0,0,14,0.8571428571428571
11732,12,2,0,0,0,14,0.8571428571428571
11733,12,2,0,0,0,14,0.8571428571428571
11734,11,2,0,0,0,13,0.8461538461538461
11735,13,2,0,0,0,15,0.8666666666666667
11736,12,2,0,0,0,14,0.8571428571428571
11737,13,2,0,0,0,15,0.8666666666666667
11738,11,2,0,0,0,13,0.8461538461538461
11739,13,2,0,0,0,15,0.8666666666666667
11740,13,2,0,0,0,15,0.8666666666666667
11741,11,2,0,0,0,13,0.8461538461538461
11742,12,2,0,0,0,14,0.8571428571428571
11743,13,2,0,0,0,15,0.8666666666666667
11744,13,2,0,0,0,15,0.8666666666666667
11745,12,2,0,0,0,14,0.8571428571428571
11746,13,2,0,0,0,15,0.8666666666666667
11747,11,1,0,0,0,12,0.9166666666666666
11748,12,1,0,0,0,13,0.9230769230769231
11749,12,2,0,0,0,14,0.8571428571428571
11750,11,2,0,0,0,13,0.8461538461538461
11751,12,2,0,0,0,14,0.8571428571428571
11752,13,2,0,0,0,15,0.8666666666666667
11753,10,2,0,0,0,12,0.8333333333333334
11754,13,2,0,0,0,15,0.8666666666666667
11755,12,2,0,0,0,14,0.8571428571428571
11756,12,2,0,0,0,14,0.8571428571428571
11757,12,2,0,0,0,14,0.8571428571428571
11758,11,2,0,0,0,13,0.8461538461538461
11759,12,2,0,0,0,14,0.8571428571428571
11760,13,2,0,0,0,15,0.8666666666666667
11761,12,2,0,0,0,14,0.8571428571428571
11762,13,2,0,0,0,15,0.8666666666666667
11763,12,2,0,0,0,14,0.8571428571428571
11764,12,2,0,0,0,14,0.8571428571428571
11765,12,2,0,0,0,14,0.8571428571428571
11766,12,2,0,0,0,14,0.8571428571428571
11767,13,2,0,0,0,15,0.8666666666666667
11768,11,2,0,0,0,13,0.8461538461538461
11769,11,2,0,0,0,13,0.8461538461538461
11770,12,2,0,0,0,14,0.8571428571428571
11771,13,2,0,0,0,15,0.8666666666666667
11772,13,2,0,0,0,15,0.8666666666666667
11773,11,2,0,0,0,13,0.8461538461538461
11774,12,2,0,0,0,14,0.8571428571428571
11775,13,2,0,0,0,15,0.8666666666666667
11776,13,2,0,0,0,15,0.8666666666666667
11777,12,2,0,0,0,14,0.8571428571428571
11778,12,2,0,0,0,14,0.8571428571428571
11779,12,2,0,0,0,14,0.8571428571428571
11780,13,2,0,0,0,15,0.8666666666666667
11781,13,2,0,0,0,15,0.8666666666666667
11782,12,2,0,0,0,14,0.8571428571428571
11783,12,2,0,0,0,14,0.8571428571428571
11784,13,2,0,0,0,15,0.8666666666666667
11785,12,2,0,0,0,14,0.8571428571428571
11786,13,2,0,0,0,15,0.8666666666666667
11787,12,2,0,0,0,14,0.8571428571428571
11788,13,2,0,0,0,15,0.8666666666666667
11789,13,2,0,0,0,15,0.8666666666666667
11790,13,2,0,0,0,15,0.8666666666666667
11791,12,2,0,0,0,14,0.8571428571428571
11792,13,2,0,0,0,15,0.8666666666666667
11793,12,2,0,0,0,14,0.8571428571428571
11794,12,2,0,0,0,14,0.8571428571428571
11795,13,2,0,0,0,15,0.8666666666666667
11796,13,2,0,0,0,15,0.8666666666666667
11797,13,2,0,0,0,15,0.8666666666666667
11798,12,2,0,0,0,14,0.8571428571428571
11799,11,2,0,0,0,13,0.8461538461538461
11800,13,2,0,0,0,15,0.8666666666666667
11801,13,2,0,0,0,15,0.8666666666666667
11802,13,2,0,0,0,15,0.8666666666666667
11803,14,2,0,0,0,16,0.875
11804,13,2,0,0,0,15,0.8666666666666667
11805,13,2,0,0,0,15,0.8666666666666667
11806,12,2,0,0,0,14,0.8571428571428571
11807,13,2,0,0,0,15,0.8666666666666667
11808,11,2,0,0,0,13,0.8461538461538461
11809,13,2,0,0,0,15,0.8666666666666667
11810,13,2,0,0,0,15,0.8666666666666667
11811,12,2,0,0,0,14,0.8571428571428571
11812,13,2,0,0,0,15,0.8666666666666667
11813,13,2,0,0,0,15,0.8666666666666667
11814,13,2,0,0,0,15,0.8666666666666667
11815,12,2,0,0,0,14,0.8571428571428571
11816,12,2,0,0,0,14,0.8571428571428571
11817,13,2,0,0,0,15,0.8666666666666667
11818,12,2,0,0,0,14,0.8571428571428571
11819,13,2,0,0,0,15,0.8666666666666667
11820,13,2,0,0,0,15,0.8666666666666667
11821,12,2,0,0,0,14,0.8571428571428571
11822,13,2,0,0,0,15,0.8666666666666667
11823,13,2,0,0,0,15,0.8666666666666667
11824,13,2,0,0,0,15,0.8666666666666667
11825,12,2,0,0,0,14,0.8571428571428571
11826,11,2,0,0,0,13,0.8461538461538461
11827,13,2,0,0,0,15,0.8666666666666667
11828,13,2,0,0,0,15,0.8666666666666667
11829,13,2,0,0,0,15,0.8666666666666667
11830,13,2,0,0,0,15,0.8666666666666667
11831,13,2,0,0,0,15,0.8666666666666667
11832,12,2,0,0,0,14,0.8571428571428571
11833,11,2,0,0,0,13,0.8461538461538461
11834,12,2,0,0,0,14,0.8571428571428571
11835,13,2,0,0,0,15,0.8666666666666667
11836,12,2,0,0,0,14,0.8571428571428571
11837,13,2,0,0,0,15,0.8666666666666667
11838,11,2,0,0,0,13,0.8461538461538461
11839,12,2,0,0,0,14,0.8571428571428571
11840,13,2,0,0,0,15,0.8666666666666667
11841,12,2,0,0,0,14,0.8571428571428571
11842,12,2,0,0,0,14,0.8571428571428571
11843,13,2,0,0,0,15,0.8666666666666667
11844,12,2,0,0,0,14,0.8571428571428571
11845,13,1,0,0,0,14,0.9285714285714286
11846,11,2,0,0,0,13,0.8461538461538461
11847,13,2,0,0,0,15,0.8666666666666667
11848,13,2,0,0,0,15,0.8666666666666667
11849,14,2,0,0,0,16,0.875
11850,13,2,0,0,0,15,0.8666666666666667
11851,13,2,0,0,0,15,0.8666666666666667
11852,13,2,0,0,0,15,0.8666666666666667
11853,12,2,0,0,0,14,0.8571428571428571
11854,13,2,0,0,0,15,0.8666666666666667
11855,12,2,0,0,0,14,0.8571428571428571
11856,11,2,0,0,0,13,0.8461538461538461
11857,11,2,0,0,0,13,0.8461538461538461
11858,12,2,0,0,0,14,0.8571428571428571
11859,12,2,0,0,0,14,0.8571428571428571
11860,12,2,0,0,0,14,0.8571428571428571
11861,12,2,0,0,0,14,0.8571428571428571
11862,13,2,0,0,0,15,0.8666666666666667
11863,13,2,0,0,0,15,0.8666666666666667
11864,13,2,0,0,0,15,0.8666666666666667
11865,12,2,1,0,0,15,0.8
11866,13,3,0,0,0,16,0.8125
11867,13,2,0,0,0,15,0.8666666666666667
11868,12,3,0,0,0,15,0.8
11869,13,2,0,0,0,15,0.8666666666666667
11870,13,2,0,0,0,15,0.8666666666666667
11871,12,2,0,0,0,14,0.8571428571428571
11872,14,2,0,0,0,16,0.875
11873,13,2,0,0,0,15,0.8666666666666667
11874,13,2,1,0,0,16,0.8125
11875,13,2,0,0,0,15,0.8666666666666667
11876,13,2,0,0,0,15,0.8666666666666667
11877,14,3,1,0,0,18,0.7777777777777778
11878,11,3,1,0,0,15,0.7333333333333333
11879,14,3,0,0,0,17,0.8235294117647058
11880,13,2,0,0,0,15,0.8666666666666667
11881,12,3,0,0,0,15,0.8
11882,13,2,0,0,0,15,0.8666666666666667
11883,13,2,0,0,0,15,0.8666666666666667
11884,14,2,0,0,0,16,0.875
11885,13,2,0,0,0,15,0.8666666666666667
11886,12,2,1,0,0,15,0.8
11887,12,2,0,0,0,14,0.8571428571428571
11888,12,2,0,0,0,14,0.8571428571428571
11889,13,3,1,0,0,17,0.7647058823529411
11890,13,2,0,0,0,15,0.8666666666666667
11891,12,2,0,0,0,14,0.8571428571428571
11892,13,2,0,0,0,15,0.8666666666666667
11893,12,2,0,0,0,14,0.8571428571428571
11894,12,2,0,0,0,14,0.8571428571428571
11895,12,2,0,0,0,14,0.8571428571428571
11896,11,2,1,0,0,14,0.7857142857142857
11897,12,2,0,0,0,14,0.8571428571428571
11898,14,2,0,0,0,16,0.875
11899,12,2,0,0,0,14,0.8571428571428571
11900,13,2,0,0,0,15,0.8666666666666667
11901,11,2,0,0,0,13,0.8461538461538461
11902,12,2,0,0,0,14,0.8571428571428571
11903,13,2,0,0,0,15,0.8666666666666667
11904,13,2,0,0,0,15,0.8666666666666667
11905,12,2,0,0,0,14,0.8571428571428571
11906,13,2,0,0,0,15,0.8666666666666667
11907,14,2,0,0,0,16,0.875
11908,12,2,0,0,0,14,0.8571428571428571
11909,11,2,0,0,0,13,0.8461538461538461
11910,13,2,0,0,0,15,0.8666666666666667
11911,13,2,0,0,0,15,0.8666666666666667
11912,13,2,0,0,0,15,0.8666666666666667
11913,13,2,0,0,0,15,0.8666666666666667
11914,13,2,0,0,0,15,0.8666666666666667
11915,11,2,0,0,0,13,0.8461538461538461
11916,13,2,0,0,0,15,0.8666666666666667
11917,12,2,0,0,0,14,0.8571428571428571
11918,12,2,0,0,0,14,0.8571428571428571
11919,12,2,0,0,0,14,0.8571428571428571
11920,13,2,0,0,0,15,0.8666666666666667
11921,12,2,0,0,0,14,0.8571428571428571
11922,12,2,0,0,0,14,0.8571428571428571
11923,13,2,0,0,0,15,0.8666666666666667
11924,12,2,0,0,0,14,0.8571428571428571
11925,13,2,0,0,0,15,0.8666666666666667
11926,12,2,0,0,0,14,0.8571428571428571
11927,12,2,1,0,0,15,0.8
11928,12,2,0,0,0,14,0.8571428571428571
11929,13,2,0,0,0,15,0.8666666666666667
11930,12,2,0,0,0,14,0.8571428571428571
11931,12,2,1,0,0,15,0.8
11932,13,2,0,0,0,15,0.8666666666666667
11933,12,2,0,0,0,14,0.8571428571428571
11934,12,2,0,0,0,14,0.8571428571428571
11935,12,1,0,0,0,13,0.9230769230769231
11936,12,2,0,0,0,14,0.8571428571428571
11937,13,2,0,0,0,15,0.8666666666666667
11938,13,2,0,0,0,15,0.8666666666666667
11939,12,2,0,0,0,14,0.8571428571428571
11940,13,2,1,0,0,16,0.8125
11941,13,2,0,0,0,15,0.8666666666666667
11942,13,2,0,0,0,15,0.8666666666666667
11943,13,2,0,0,0,15,0.8666666666666667
11944,12,2,0,0,0,14,0.8571428571428571
11945,13,2,0,0,0,15,0.8666666666666667
11946,11,2,0,0,0,13,0.8461538461538461
11947,12,2,0,0,0,14,0.8571428571428571
11948,12,2,0,0,0,14,0.8571428571428571
11949,12,2,0,0,0,14,0.8571428571428571
11950,12,2,0,0,0,14,0.8571428571428571
11951,12,2,0,0,0,14,0.8571428571428571
11952,13,2,0,0,0,15,0.8666666666666667
11953,13,2,0,0,0,15,0.8666666666666667
11954,13,2,0,0,0,15,0.8666666666666667
11955,13,2,0,0,0,15,0.8666666666666667
11956,13,2,0,0,0,15,0.8666666666666667
11957,14,2,0,0,0,16,0.875
11958,12,2,1,0,0,15,0.8
11959,13,2,0,0,0,15,0.8666666666666667
11960,12,2,0,0,0,14,0.8571428571428571
11961,12,2,0,0,0,14,0.8571428571428571
11962,13,2,0,0,0,15,0.8666666666666667
11963,13,2,0,0,0,15,0.8666666666666667
11964,13,2,0,0,0,15,0.8666666666666667
11965,12,2,0,0,0,14,0.8571428571428571
11966,12,2,0,0,0,14,0.8571428571428571
11967,13,2,0,0,0,15,0.8666666666666667
11968,12,2,0,0,0,14,0.8571428571428571
11969,13,2,0,0,0,15,0.8666666666666667
11970,13,2,0,0,0,15,0.8666666666666667
11971,13,2,0,0,0,15,0.8666666666666667
11972,13,2,0,0,0,15,0.8666666666666667
11973,12,2,0,0,0,14,0.8571428571428571
11974,13,2,0,0,0,15,0.8666666666666667
11975,13,2,0,0,0,15,0.8666666666666667
11976,12,2,0,0,0,14,0.8571428571428571
11977,13,2,0,0,0,15,0.8666666666666667
11978,12,2,1,0,0,15,0.8
11979,13,2,1,0,0,16,0.8125
11980,13,2,0,0,0,15,0.8666666666666667
11981,13,2,0,0,0,15,0.8666666666666667
11982,13,3,0,0,0,16,0.8125
11983,12,2,1,0,0,15,0.8
11984,13,2,1,0,0,16,0.8125
11985,11,2,0,0,0,13,0.8461538461538461
11986,12,2,0,0,0,14,0.8571428571428571
11987,13,2,0,0,0,15,0.8666666666666667
11988,13,2,0,0,0,15,0.8666666666666667
11989,12,2,0,0,0,14,0.8571428571428571
11990,12,2,0,0,0,14,0.8571428571428571
11991,12,2,0,0,0,14,0.8571428571428571
11992,13,2,0,0,0,15,0.8666666666666667
11993,12,2,0,0,0,14,0.8571428571428571
11994,11,2,0,0,0,13,0.8461538461538461
11995,13,2,0,0,0,15,0.8666666666666667
11996,13,2,0,0,0,15,0.8666666666666667
11997,13,2,0,0,0,15,0.8666666666666667
11998,11,2,0,0,0,13,0.8461538461538461
11999,12,2,0,0,0,14,0.8571428571428571
12000,13,2,1,0,0,16,0.8125
12001,12,2,0,0,0,14,0.8571428571428571
12002,12,2,0,0,0,14,0.8571428571428571
12003,13,2,0,0,0,15,0.8666666666666667
12004,13,2,0,0,0,15,0.8666666666666667
12005,12,2,0,0,0,14,0.8571428571428571
12006,12,2,0,0,0,14,0.8571428571428571
12007,12,2,1,0,0,15,0.8
12008,12,2,0,0,0,14,0.8571428571428571
12009,12,2,0,0,0,14,0.8571428571428571
12010,12,2,0,0,0,14,0.8571428571428571
12011,12,2,0,0,0,14,0.8571428571428571
12012,11,2,0,0,0,13,0.8461538461538461
12013,12,2,0,0,0,14,0.8571428571428571
12014,12,2,0,0,0,14,0.8571428571428571
12015,12,2,1,0,0,15,0.8
12016,13,2,0,0,0,15,0.8666666666666667
12017,12,2,0,0,0,14,0.8571428571428571
12018,12,2,0,0,0,14,0.8571428571428571
12019,13,2,0,0,0,15,0.8666666666666667
12020,13,2,0,0,0,15,0.8666666666666667
12021,12,2,0,0,0,14,0.8571428571428571
12022,13,2,0,0,0,15,0.8666666666666667
12023,12,2,0,0,0,14,0.8571428571428571
12024,11,2,0,0,0,13,0.8461538461538461
12025,13,2,0,0,0,15,0.8666666666666667
12026,11,2,0,0,0,13,0.8461538461538461
12027,12,2,0,0,0,14,0.8571428571428571
12028,13,2,0,0,0,15,0.8666666666666667
12029,11,2,0,0,0,13,0.8461538461538461
12030,13,2,0,0,0,15,0.8666666666666667
12031,12,2,0,0,0,14,0.8571428571428571
12032,12,2,0,0,0,14,0.8571428571428571
12033,13,2,0,0,0,15,0.8666666666666667
12034,12,2,0,0,0,14,0.8571428571428571
12035,11,2,0,0,0,13,0.8461538461538461
12036,12,2,0,0,0,14,0.8571428571428571
12037,13,2,0,0,0,15,0.8666666666666667
12038,11,2,0,0,0,13,0.8461538461538461
12039,11,2,0,0,0,13,0.8461538461538461
12040,12,2,0,0,0,14,0.8571428571428571
12041,13,2,0,0,0,15,0.8666666666666667
12042,12,2,0,0,0,14,0.8571428571428571
12043,12,2,0,0,0,14,0.8571428571428571
12044,13,2,1,0,0,16,0.8125
12045,10,2,0,0,0,12,0.8333333333333334
12046,12,2,0,0,0,14,0.8571428571428571
12047,12,2,0,0,0,14,0.8571428571428571
12048,12,2,0,0,0,14,0.8571428571428571
12049,13,2,0,0,0,15,0.8666666666666667
12050,12,2,0,0,0,14,0.8571428571428571
12051,12,2,0,0,0,14,0.8571428571428571
12052,12,2,0,0,0,14,0.8571428571428571
12053,12,2,0,0,0,14,0.8571428571428571
12054,11,2,0,0,0,13,0.8461538461538461
12055,13,2,1,0,0,16,0.8125
12056,11,1,0,0,0,12,0.9166666666666666
12057,12,2,0,0,0,14,0.8571428571428571
12058,13,2,1,0,0,16,0.8125
12059,12,1,0,0,0,13,0.9230769230769231
12060,13,2,0,0,0,15,0.8666666666666667
12061,13,2,0,0,0,15,0.8666666666666667
12062,13,2,0,0,0,15,0.8666666666666667
12063,12,2,0,0,0,14,0.8571428571428571
12064,11,2,0,0,0,13,0.8461538461538461
12065,12,2,0,0,0,14,0.8571428571428571
12066,12,2,0,0,0,14,0.8571428571428571
12067,11,2,0,0,0,13,0.8461538461538461
12068,12,2,0,0,0,14,0.8571428571428571
12069,11,2,0,0,0,13,0.8461538461538461
12070,13,2,0,0,0,15,0.8666666666666667
12071,12,2,0,0,0,14,0.8571428571428571
12072,11,2,0,0,0,13,0.8461538461538461
12073,12,2,0,0,0,14,0.8571428571428571
12074,11,2,0,0,0,13,0.8461538461538461
12075,12,2,0,0,0,14,0.8571428571428571
12076,12,2,0,0,0,14,0.8571428571428571
12077,11,2,0,0,0,13,0.8461538461538461
12078,11,2,0,0,0,13,0.8461538461538461
12079,12,2,0,0,0,14,0.8571428571428571
12080,12,2,0,0,0,14,0.8571428571428571
12081,10,2,0,0,0,12,0.8333333333333334
12082,12,2,0,0,0,14,0.8571428571428571
12083,12,2,0,0,0,14,0.8571428571428571
12084,11,2,0,0,0,13,0.8461538461538461
12085,11,2,0,0,0,13,0.8461538461538461
12086,13,2,0,0,0,15,0.8666666666666667
12087,12,2,0,0,0,14,0.8571428571428571
12088,12,2,1,0,0,15,0.8
12089,11,2,0,0,0,13,0.8461538461538461
12090,11,2,0,0,0,13,0.8461538461538461
12091,12,2,0,0,0,14,0.8571428571428571
12092,12,2,0,0,0,14,0.8571428571428571
12093,12,2,0,0,0,14,0.8571428571428571
12094,12,2,0,0,0,14,0.8571428571428571
12095,12,1,0,0,0,13,0.9230769230769231
12096,13,2,0,0,0,15,0.8666666666666667
12097,13,2,0,0,0,15,0.8666666666666667
12098,12,2,0,0,0,14,0.8571428571428571
12099,12,2,0,0,0,14,0.8571428571428571
12100,12,2,1,0,0,15,0.8
12101,11,2,0,0,0,13,0.8461538461538461
12102,12,2,0,0,0,14,0.8571428571428571
12103,11,1,0,0,0,12,0.9166666666666666
12104,12,2,0,0,0,14,0.8571428571428571
12105,11,2,0,0,0,13,0.8461538461538461
12106,12,2,0,0,0,14,0.8571428571428571
12107,11,2,0,0,0,13,0.8461538461538461
12108,12,2,0,0,0,14,0.8571428571428571
12109,13,2,0,0,0,15,0.8666666666666667
12110,12,2,0,0,0,14,0.8571428571428571
12111,11,2,0,0,0,13,0.8461538461538461
12112,11,2,0,0,0,13,0.8461538461538461
12113,11,2,0,0,0,13,0.8461538461538461
12114,10,2,1,0,0,13,0.7692307692307693
12115,13,2,0,0,0,15,0.8666666666666667
12116,12,2,0,0,0,14,0.8571428571428571
12117,12,2,0,0,0,14,0.8571428571428571
12118,12,2,0,0,0,14,0.8571428571428571
12119,10,2,0,0,0,12,0.8333333333333334
12120,12,2,0,0,0,14,0.8571428571428571
12121,12,2,0,0,0,14,0.8571428571428571
12122,10,2,0,0,0,12,0.8333333333333334
12123,11,2,0,0,0,13,0.8461538461538461
12124,10,2,0,0,0,12,0.8333333333333334
12125,12,2,0,0,0,14,0.8571428571428571
12126,11,2,0,0,0,13,0.8461538461538461
12127,12,2,0,0,0,14,0.8571428571428571
12128,13,2,0,0,0,15,0.8666666666666667
12129,11,1,0,0,0,12,0.9166666666666666
12130,12,2,0,0,0,14,0.8571428571428571
12131,13,2,0,0,0,15,0.8666666666666667
12132,12,2,0,0,0,14,0.8571428571428571
12133,11,2,0,0,0,13,0.8461538461538461
12134,13,2,0,0,0,15,0.8666666666666667
12135,13,2,1,0,0,16,0.8125
12136,12,2,0,0,0,14,0.8571428571428571
12137,12,2,0,0,0,14,0.8571428571428571
12138,12,2,0,0,0,14,0.8571428571428571
12139,12,2,0,0,0,14,0.8571428571428571
12140,12,2,0,0,0,14,0.8571428571428571
12141,12,2,0,0,0,14,0.8571428571428571
12142,11,2,0,0,0,13,0.8461538461538461
12143,12,2,0,0,0,14,0.8571428571428571
12144,12,2,0,0,0,14,0.8571428571428571
12145,12,2,0,0,0,14,0.8571428571428571
12146,12,2,0,0,0,14,0.8571428571428571
12147,13,2,1,0,0,16,0.8125
12148,11,2,0,0,0,13,0.8461538461538461
12149,12,2,0,0,0,14,0.8571428571428571
12150,12,2,0,0,0,14,0.8571428571428571
12151,11,2,0,0,0,13,0.8461538461538461
12152,12,2,0,0,0,14,0.8571428571428571
12153,13,2,0,0,0,15,0.8666666666666667
12154,11,2,0,0,0,13,0.8461538461538461
12155,12,2,0,0,0,14,0.8571428571428571
12156,11,2,0,0,0,13,0.8461538461538461
12157,12,2,0,0,0,14,0.8571428571428571
12158,12,2,0,0,0,14,0.8571428571428571
12159,12,2,0,0,0,14,0.8571428571428571
12160,11,2,0,0,0,13,0.8461538461538461
12161,12,2,0,0,0,14,0.8571428571428571
12162,13,2,1,0,0,16,0.8125
12163,12,2,0,0,0,14,0.8571428571428571
12164,11,2,0,0,0,13,0.8461538461538461
12165,12,2,0,0,0,14,0.8571428571428571
12166,13,2,0,0,0,15,0.8666666666666667
12167,12,2,0,0,0,14,0.8571428571428571
12168,13,2,0,0,0,15,0.8666666666666667
12169,12,1,0,0,0,13,0.9230769230769231
12170,12,2,0,0,0,14,0.8571428571428571
12171,12,2,0,0,0,14,0.8571428571428571
12172,12,2,0,0,0,14,0.8571428571428571
12173,11,2,0,0,0,13,0.8461538461538461
12174,11,2,0,0,0,13,0.8461538461538461
12175,12,2,0,0,0,14,0.8571428571428571
12176,12,2,0,0,0,14,0.8571428571428571
12177,11,2,0,0,0,13,0.8461538461538461
12178,11,2,0,0,0,13,0.8461538461538461
12179,12,2,0,0,0,14,0.8571428571428571
12180,12,2,0,0,0,14,0.8571428571428571
12181,12,1,0,0,0,13,0.9230769230769231
12182,12,2,0,0,0,14,0.8571428571428571
12183,13,2,0,0,0,15,0.8666666666666667
12184,11,2,0,0,0,13,0.8461538461538461
12185,11,2,0,0,0,13,0.8461538461538461
12186,13,2,0,0,0,15,0.8666666666666667
12187,12,2,0,0,0,14,0.8571428571428571
12188,12,2,0,0,0,14,0.8571428571428571
12189,11,2,0,0,0,13,0.8461538461538461
12190,12,2,0,0,0,14,0.8571428571428571
12191,12,2,0,0,0,14,0.8571428571428571
12192,12,2,0,0,0,14,0.8571428571428571
12193,12,2,0,0,0,14,0.8571428571428571
12194,12,2,0,0,0,14,0.8571428571428571
12195,12,2,0,0,0,14,0.8571428571428571
12196,11,2,0,0,0,13,0.8461538461538461
12197,12,2,0,0,0,14,0.8571428571428571
12198,13,2,0,0,0,15,0.8666666666666667
12199,10,2,0,0,0,12,0.8333333333333334
12200,13,2,0,0,0,15,0.8666666666666667
12201,13,2,0,0,0,15,0.8666666666666667
12202,13,2,1,0,0,16,0.8125
12203,13,2,0,0,0,15,0.8666666666666667
12204,12,2,0,0,0,14,0.8571428571428571
12205,14,2,0,0,0,16,0.875
12206,13,2,1,0,0,16,0.8125
12207,14,2,0,0,0,16,0.875
12208,12,2,0,0,0,14,0.8571428571428571
12209,12,2,0,0,0,14,0.8571428571428571
12210,14,2,0,0,0,16,0.875
12211,12,2,0,0,0,14,0.8571428571428571
12212,12,2,0,0,0,14,0.8571428571428571
12213,11,1,0,0,0,12,0.9166666666666666
12214,13,2,0,0,0,15,0.8666666666666667
12215,11,2,0,0,0,13,0.8461538461538461
12216,11,2,0,0,0,13,0.8461538461538461
12217,13,2,0,0,0,15,0.8666666666666667
12218,13,2,0,0,0,15,0.8666666666666667
12219,13,2,0,0,0,15,0.8666666666666667
12220,14,2,0,0,0,16,0.875
12221,13,2,0,0,0,15,0.8666666666666667
12222,11,2,0,0,0,13,0.8461538461538461
12223,11,2,0,0,0,13,0.8461538461538461
12224,12,2,1,0,0,15,0.8
12225,12,2,0,0,0,14,0.8571428571428571
12226,13,2,0,0,0,15,0.8666666666666667
12227,13,2,0,0,0,15,0.8666666666666667
12228,13,2,0,0,0,15,0.8666666666666667
12229,13,2,0,0,0,15,0.8666666666666667
12230,14,2,0,0,0,16,0.875
12231,12,2,0,0,0,14,0.8571428571428571
12232,12,2,0,0,0,14,0.8571428571428571
12233,13,2,0,0,0,15,0.8666666666666667
12234,13,2,0,0,0,15,0.8666666666666667
12235,13,2,0,0,0,15,0.8666666666666667
12236,11,2,0,0,0,13,0.8461538461538461
12237,11,2,0,0,0,13,0.8461538461538461
12238,14,2,0,0,0,16,0.875
12239,12,2,0,0,0,14,0.8571428571428571
12240,12,2,0,0,0,14,0.8571428571428571
12241,13,2,0,0,0,15,0.8666666666666667
12242,12,2,0,0,0,14,0.8571428571428571
12243,12,2,0,0,0,14,0.8571428571428571
12244,14,2,1,0,0,17,0.8235294117647058
12245,12,2,0,0,0,14,0.8571428571428571
12246,11,2,0,0,0,13,0.8461538461538461
12247,13,2,0,0,0,15,0.8666666666666667
12248,12,2,0,0,0,14,0.8571428571428571
12249,12,2,0,0,0,14,0.8571428571428571
12250,13,2,0,0,0,15,0.8666666666666667
12251,13,2,0,0,0,15,0.8666666666666667
12252,12,2,0,0,0,14,0.8571428571428571
12253,13,2,0,0,0,15,0.8666666666666667
12254,13,2,0,0,0,15,0.8666666666666667
12255,13,2,0,0,0,15,0.8666666666666667
12256,13,2,0,0,0,15,0.8666666666666667
12257,12,2,1,0,0,15,0.8
12258,13,2,1,0,0,16,0.8125
12259,13,2,0,0,0,15,0.8666666666666667
12260,11,2,0,0,0,13,0.8461538461538461
12261,13,2,0,0,0,15,0.8666666666666667
12262,13,3,0,0,0,16,0.8125
12263,13,2,0,0,0,15,0.8666666666666667
12264,12,2,0,0,0,14,0.8571428571428571
12265,12,2,1,0,0,15,0.8
12266,13,2,0,0,0,15,0.8666666666666667
